max 1.63
time;V(Net-_C_IMD1-Pad2_)1;V(Net-_C_insulator2-Pad1_)1;
0;0;0;
2.5e-13;0.018;0.000217509;
2.70872e-13;0.0195028;0.00022157;
3.12617e-13;0.0225084;0.000226758;
3.96107e-13;0.0285197;0.000238013;
5.63086e-13;0.0405422;0.000269855;
8.97044e-13;0.0645871;0.000365849;
1.56496e-12;0.112677;0.000691348;
2.90079e-12;0.208857;0.00186924;
5.57246e-12;0.401217;0.00631552;
1.09158e-11;0.785936;0.0233973;
2.16024e-11;1.55538;0.0890232;
3.28984e-11;1.8;0.184288;
4.50847e-11;1.8;0.288329;
6.11862e-11;1.8;0.414089;
7.92911e-11;1.8;0.541761;
1.04291e-10;1.8;0.696073;
1.29291e-10;1.8;0.828702;
1.54291e-10;1.8;0.94216;
1.79291e-10;1.8;1.03975;
2.04291e-10;1.8;1.12316;
2.29291e-10;1.8;1.19498;
2.54291e-10;1.8;1.25629;
2.79291e-10;1.8;1.30916;
3.04291e-10;1.8;1.35421;
3.29291e-10;1.8;1.39313;
3.54291e-10;1.8;1.42623;
3.79291e-10;1.8;1.4549;
!4.04291e-10;1.8;1.4792;
4.29291e-10;1.8;1.50033;
4.54291e-10;1.8;1.51816;
4.79291e-10;1.8;1.53374;
5.04291e-10;1.8;1.54682;
5.29291e-10;1.8;1.55832;
5.54291e-10;1.8;1.56789;
5.79291e-10;1.8;1.57639;
6.04291e-10;1.8;1.5834;
6.29291e-10;1.8;1.58969;
6.54291e-10;1.8;1.5948;
6.79291e-10;1.8;1.59947;
7.04291e-10;1.8;1.60319;
7.29291e-10;1.8;1.60666;
7.54291e-10;1.8;1.60935;
7.79291e-10;1.8;1.61195;
8.04291e-10;1.8;1.61389;
8.29291e-10;1.8;1.61584;
8.54291e-10;1.8;1.61723;
8.79291e-10;1.8;1.6187;
9.04291e-10;1.8;1.61968;
9.29291e-10;1.8;1.62081;
9.54291e-10;1.8;1.62149;
9.79291e-10;1.8;1.62236;
1.00429e-09;1.8;1.62282;
1.02929e-09;1.8;1.6235;
1.05429e-09;1.8;1.62379;
1.07929e-09;1.8;1.62433;
1.10429e-09;1.8;1.62451;
1.12929e-09;1.8;1.62495;
1.15429e-09;1.8;1.62504;
1.17929e-09;1.8;1.6254;
1.20429e-09;1.8;1.62543;
1.22929e-09;1.8;1.62574;
1.25429e-09;1.8;1.62571;
1.27929e-09;1.8;1.62598;
1.30429e-09;1.8;1.62593;
1.32929e-09;1.8;1.62616;
1.35429e-09;1.8;1.62608;
1.37929e-09;1.8;1.62629;
1.40429e-09;1.8;1.62619;
1.42929e-09;1.8;1.62639;
1.45429e-09;1.8;1.62628;
1.47929e-09;1.8;1.62646;
1.50429e-09;1.8;1.62634;
1.52929e-09;1.8;1.62651;
1.55429e-09;1.8;1.62638;
1.57929e-09;1.8;1.62655;
1.60429e-09;1.8;1.62642;
1.62929e-09;1.8;1.62658;
1.65429e-09;1.8;1.62644;
1.67929e-09;1.8;1.6266;
1.70429e-09;1.8;1.62646;
1.72929e-09;1.8;1.62662;
1.75429e-09;1.8;1.62647;
1.77929e-09;1.8;1.62663;
1.80429e-09;1.8;1.62648;
1.82929e-09;1.8;1.62664;
1.85429e-09;1.8;1.62649;
1.87929e-09;1.8;1.62664;
1.90429e-09;1.8;1.6265;
1.92929e-09;1.8;1.62665;
1.95429e-09;1.8;1.6265;
1.97929e-09;1.8;1.62665;
2.00429e-09;1.8;1.6265;
2.02929e-09;1.8;1.62665;
2.05429e-09;1.8;1.6265;
2.07929e-09;1.8;1.62666;
2.10429e-09;1.8;1.62651;
2.12929e-09;1.8;1.62666;
2.15429e-09;1.8;1.62651;
2.17929e-09;1.8;1.62666;
2.20429e-09;1.8;1.62651;
2.22929e-09;1.8;1.62666;
2.25429e-09;1.8;1.62651;
2.27929e-09;1.8;1.62666;
2.30429e-09;1.8;1.62651;
2.32929e-09;1.8;1.62666;
2.35429e-09;1.8;1.62651;
2.37929e-09;1.8;1.62666;
2.40429e-09;1.8;1.62651;
2.42929e-09;1.8;1.62666;
2.45429e-09;1.8;1.62651;
2.47929e-09;1.8;1.62666;
2.50429e-09;1.8;1.62651;
2.52929e-09;1.8;1.62666;
2.55429e-09;1.8;1.62651;
2.57929e-09;1.8;1.62666;
2.60429e-09;1.8;1.62651;
2.62929e-09;1.8;1.62666;
2.65429e-09;1.8;1.62651;
2.67929e-09;1.8;1.62666;
2.70429e-09;1.8;1.62651;
2.72929e-09;1.8;1.62666;
2.75429e-09;1.8;1.62651;
2.77929e-09;1.8;1.62666;
2.80429e-09;1.8;1.62651;
2.82929e-09;1.8;1.62666;
2.85429e-09;1.8;1.62651;
2.87929e-09;1.8;1.62666;
2.90429e-09;1.8;1.62651;
2.92929e-09;1.8;1.62666;
2.95429e-09;1.8;1.62651;
2.97929e-09;1.8;1.62666;
3.00429e-09;1.8;1.62651;
3.02929e-09;1.8;1.62666;
3.05429e-09;1.8;1.62651;
3.07929e-09;1.8;1.62666;
3.10429e-09;1.8;1.62651;
3.12929e-09;1.8;1.62666;
3.15429e-09;1.8;1.62651;
3.17929e-09;1.8;1.62666;
3.20429e-09;1.8;1.62651;
3.22929e-09;1.8;1.62666;
3.25429e-09;1.8;1.62651;
3.27929e-09;1.8;1.62666;
3.30429e-09;1.8;1.62651;
3.32929e-09;1.8;1.62666;
3.35429e-09;1.8;1.62651;
3.37929e-09;1.8;1.62666;
3.40429e-09;1.8;1.62651;
3.42929e-09;1.8;1.62666;
3.45429e-09;1.8;1.62651;
3.47929e-09;1.8;1.62666;
3.50429e-09;1.8;1.62651;
3.52929e-09;1.8;1.62666;
3.55429e-09;1.8;1.62651;
3.57929e-09;1.8;1.62666;
3.60429e-09;1.8;1.62651;
3.62929e-09;1.8;1.62666;
3.65429e-09;1.8;1.62651;
3.67929e-09;1.8;1.62666;
3.70429e-09;1.8;1.62651;
3.72929e-09;1.8;1.62666;
3.75429e-09;1.8;1.62651;
3.77929e-09;1.8;1.62666;
3.80429e-09;1.8;1.62651;
3.82929e-09;1.8;1.62666;
3.85429e-09;1.8;1.62651;
3.87929e-09;1.8;1.62666;
3.90429e-09;1.8;1.62651;
3.92929e-09;1.8;1.62666;
3.95429e-09;1.8;1.62651;
3.97929e-09;1.8;1.62666;
4.00429e-09;1.8;1.62651;
4.02929e-09;1.8;1.62666;
4.05429e-09;1.8;1.62651;
4.07929e-09;1.8;1.62666;
4.10429e-09;1.8;1.62651;
4.12929e-09;1.8;1.62666;
4.15429e-09;1.8;1.62651;
4.17929e-09;1.8;1.62666;
4.20429e-09;1.8;1.62651;
4.22929e-09;1.8;1.62666;
4.25429e-09;1.8;1.62651;
4.27929e-09;1.8;1.62666;
4.30429e-09;1.8;1.62651;
4.32929e-09;1.8;1.62666;
4.35429e-09;1.8;1.62651;
4.37929e-09;1.8;1.62666;
4.40429e-09;1.8;1.62651;
4.42929e-09;1.8;1.62666;
4.45429e-09;1.8;1.62651;
4.47929e-09;1.8;1.62666;
4.50429e-09;1.8;1.62651;
4.52929e-09;1.8;1.62666;
4.55429e-09;1.8;1.62651;
4.57929e-09;1.8;1.62666;
4.60429e-09;1.8;1.62651;
4.62929e-09;1.8;1.62666;
4.65429e-09;1.8;1.62651;
4.67929e-09;1.8;1.62666;
4.70429e-09;1.8;1.62651;
4.72929e-09;1.8;1.62666;
4.75429e-09;1.8;1.62651;
4.77929e-09;1.8;1.62666;
4.80429e-09;1.8;1.62651;
4.82929e-09;1.8;1.62666;
4.85429e-09;1.8;1.62651;
4.87929e-09;1.8;1.62666;
4.90429e-09;1.8;1.62651;
4.92929e-09;1.8;1.62666;
4.95429e-09;1.8;1.62651;
4.97929e-09;1.8;1.62666;
5.00429e-09;1.8;1.62651;
5.02929e-09;1.49104;1.60672;
5.05429e-09;0;1.47359;
5.07389e-09;0;1.30719;
5.09212e-09;0;1.16813;
5.11391e-09;0;1.02244;
5.13891e-09;0;0.876262;
5.16391e-09;0;0.752108;
5.18891e-09;0;0.644417;
5.21391e-09;0;0.553272;
5.23891e-09;0;0.473892;
5.26391e-09;0;0.407026;
5.28891e-09;0;0.348468;
5.31391e-09;0;0.299459;
5.33891e-09;0;0.256217;
5.36391e-09;0;0.220342;
5.38891e-09;0;0.188365;
5.41391e-09;0;0.162151;
5.43891e-09;0;0.13846;
5.46391e-09;0;0.11935;
5.48891e-09;0;0.101753;
5.51391e-09;0;0.0878693;
5.53891e-09;0;0.0747553;
5.56391e-09;0;0.0647147;
5.58891e-09;0;0.054898;
5.61391e-09;0;0.0476842;
5.63891e-09;0;0.0402927;
5.66391e-09;0;0.0351579;
5.68891e-09;0;0.0295504;
5.71391e-09;0;0.0259445;
5.73891e-09;0;0.0216494;
5.76391e-09;0;0.0191679;
5.78891e-09;0;0.0158381;
5.81391e-09;0;0.0141835;
5.83891e-09;0;0.0115639;
5.86391e-09;0;0.0105174;
5.88891e-09;0;0.00842029;
5.91391e-09;0;0.00782079;
5.93891e-09;0;0.00610817;
5.96391e-09;0;0.00583734;
5.98891e-09;0;0.00440764;
6.01391e-09;0;0.00437841;
6.03891e-09;0;0.00315695;
6.06391e-09;0;0.00330528;
6.08891e-09;0;0.00223713;
6.11391e-09;0;0.0025159;
6.13891e-09;0;0.00156066;
6.16391e-09;0;0.00193522;
6.18891e-09;0;0.00106318;
6.21391e-09;0;0.00150806;
6.23891e-09;0;0.000697347;
6.26391e-09;0;0.00119379;
6.28891e-09;0;0.000428347;
6.31391e-09;0;0.000962577;
6.33891e-09;0;0.000230567;
6.36391e-09;0;0.000792441;
6.38891e-09;0;8.51703e-05;
6.41391e-09;0;0.00066723;
6.43891e-09;0;-2.16977e-05;
6.46391e-09;0;0.000575062;
6.48891e-09;0;-0.000100228;
6.51391e-09;0;0.000507198;
6.53891e-09;0;-0.000157914;
6.56391e-09;0;0.000457211;
6.58891e-09;0;-0.000200271;
6.61391e-09;0;0.000420371;
6.63891e-09;0;-0.000231351;
6.66391e-09;0;0.000393202;
6.68891e-09;0;-0.000254139;
6.71391e-09;0;0.000373146;
6.73891e-09;0;-0.000270826;
6.76391e-09;0;0.000358321;
6.78891e-09;0;-0.000283028;
6.81391e-09;0;0.000347345;
6.83891e-09;0;-0.000291929;
6.86391e-09;0;0.000339199;
6.88891e-09;0;-0.000298404;
6.91391e-09;0;0.000333135;
6.93891e-09;0;-0.000303093;
6.96391e-09;0;0.000328602;
6.98891e-09;0;-0.00030647;
7.01391e-09;0;0.000325196;
7.03891e-09;0;-0.000308881;
7.06391e-09;0;0.000322618;
7.08891e-09;0;-0.000310582;
7.11391e-09;0;0.00032065;
7.13891e-09;0;-0.000311761;
7.16391e-09;0;0.000319129;
7.18891e-09;0;-0.000312555;
7.21391e-09;0;0.000317939;
7.23891e-09;0;-0.000313068;
7.26391e-09;0;0.000316991;
7.28891e-09;0;-0.000313372;
7.31391e-09;0;0.000316222;
7.33891e-09;0;-0.000313524;
7.36391e-09;0;0.000315585;
7.38891e-09;0;-0.000313564;
7.41391e-09;0;0.000315044;
7.43891e-09;0;-0.000313522;
7.46391e-09;0;0.000314574;
7.48891e-09;0;-0.000313418;
7.51391e-09;0;0.000314156;
7.53891e-09;0;-0.00031327;
7.56391e-09;0;0.000313777;
7.58891e-09;0;-0.00031309;
7.61391e-09;0;0.000313427;
7.63891e-09;0;-0.000312886;
7.66391e-09;0;0.000313097;
7.68891e-09;0;-0.000312663;
7.71391e-09;0;0.000312784;
7.73891e-09;0;-0.000312429;
7.76391e-09;0;0.000312481;
7.78891e-09;0;-0.000312184;
7.81391e-09;0;0.000312187;
7.83891e-09;0;-0.000311933;
7.86391e-09;0;0.0003119;
7.88891e-09;0;-0.000311677;
7.91391e-09;0;0.000311617;
7.93891e-09;0;-0.000311417;
7.96391e-09;0;0.000311337;
7.98891e-09;0;-0.000311155;
8.01391e-09;0;0.000311061;
8.03891e-09;0;-0.000310891;
8.06391e-09;0;0.000310786;
8.08891e-09;0;-0.000310625;
8.11391e-09;0;0.000310513;
8.13891e-09;0;-0.000310359;
8.16391e-09;0;0.000310241;
8.18891e-09;0;-0.000310092;
8.21391e-09;0;0.00030997;
8.23891e-09;0;-0.000309825;
8.26391e-09;0;0.000309699;
8.28891e-09;0;-0.000309557;
8.31391e-09;0;0.00030943;
8.33891e-09;0;-0.00030929;
8.36391e-09;0;0.00030916;
8.38891e-09;0;-0.000309022;
8.41391e-09;0;0.000308892;
8.43891e-09;0;-0.000308755;
8.46391e-09;0;0.000308623;
8.48891e-09;0;-0.000308487;
8.51391e-09;0;0.000308355;
8.53891e-09;0;-0.00030822;
8.56391e-09;0;0.000308088;
8.58891e-09;0;-0.000307953;
8.61391e-09;0;0.00030782;
8.63891e-09;0;-0.000307686;
8.66391e-09;0;0.000307553;
8.68891e-09;0;-0.000307419;
8.71391e-09;0;0.000307286;
8.73891e-09;0;-0.000307153;
8.76391e-09;0;0.00030702;
8.78891e-09;0;-0.000306886;
8.81391e-09;0;0.000306753;
8.83891e-09;0;-0.00030662;
8.86391e-09;0;0.000306487;
8.88891e-09;0;-0.000306354;
8.91391e-09;0;0.000306221;
8.93891e-09;0;-0.000306088;
8.96391e-09;0;0.000305956;
8.98891e-09;0;-0.000305823;
9.01391e-09;0;0.00030569;
9.03891e-09;0;-0.000305558;
9.06391e-09;0;0.000305425;
9.08891e-09;0;-0.000305293;
9.11391e-09;0;0.00030516;
9.13891e-09;0;-0.000305028;
9.16391e-09;0;0.000304896;
9.18891e-09;0;-0.000304763;
9.21391e-09;0;0.000304631;
9.23891e-09;0;-0.000304499;
9.26391e-09;0;0.000304367;
9.28891e-09;0;-0.000304235;
9.31391e-09;0;0.000304103;
9.33891e-09;0;-0.000303971;
9.36391e-09;0;0.000303839;
9.38891e-09;0;-0.000303707;
9.41391e-09;0;0.000303576;
9.43891e-09;0;-0.000303444;
9.46391e-09;0;0.000303312;
9.48891e-09;0;-0.000303181;
9.51391e-09;0;0.000303049;
9.53891e-09;0;-0.000302918;
9.56391e-09;0;0.000302786;
9.58891e-09;0;-0.000302655;
9.61391e-09;0;0.000302524;
9.63891e-09;0;-0.000302392;
9.66391e-09;0;0.000302261;
9.68891e-09;0;-0.00030213;
9.71391e-09;0;0.000301999;
9.73891e-09;0;-0.000301868;
9.76391e-09;0;0.000301737;
9.78891e-09;0;-0.000301606;
9.81391e-09;0;0.000301475;
9.83891e-09;0;-0.000301345;
9.86391e-09;0;0.000301214;
9.88891e-09;0;-0.000301083;
9.91391e-09;0;0.000300953;
9.93891e-09;0;-0.000300822;
9.96391e-09;0;0.000300692;
9.98891e-09;0;-0.000300561;
1e-08;0;0.000300267;
