max 1.53
time;V(Net-_C_IMD1-Pad2_)1;V(Net-_C_insulator2-Pad1_)1;
0;0;0;
2.5e-14;0.018;0.00176398;
4.07119e-14;0.0293126;0.0019298;
7.21357e-14;0.0519377;0.00198606;
1.34983e-13;0.0971879;0.00198148;
2.45524e-13;0.176777;0.00211909;
4.66604e-13;0.335955;0.00249064;
9.08766e-13;0.654311;0.00407756;
1.79309e-12;1.29102;0.0101778;
3.06349e-12;1.8;0.0224321;
4.50448e-12;1.8;0.0402442;
5.94408e-12;1.8;0.0587798;
7.63776e-12;1.8;0.0792755;
1.01378e-11;1.8;0.110166;
1.26378e-11;1.8;0.139488;
1.51378e-11;1.8;0.169134;
1.76378e-11;1.8;0.197246;
2.01378e-11;1.8;0.225699;
2.26378e-11;1.8;0.25265;
2.51378e-11;1.8;0.279958;
2.76378e-11;1.8;0.305795;
3.01378e-11;1.8;0.332004;
3.26378e-11;1.8;0.356773;
3.51378e-11;1.8;0.381929;
3.76378e-11;1.8;0.405674;
4.01378e-11;1.8;0.429818;
4.26378e-11;1.8;0.452581;
4.51378e-11;1.8;0.475755;
4.76378e-11;1.8;0.497575;
5.01378e-11;1.8;0.519819;
5.26378e-11;1.8;0.540736;
5.51378e-11;1.8;0.562087;
5.76378e-11;1.8;0.582137;
6.01378e-11;1.8;0.602632;
6.26378e-11;1.8;0.62185;
6.51378e-11;1.8;0.641524;
6.76378e-11;1.8;0.659945;
7.01378e-11;1.8;0.67883;
7.26378e-11;1.8;0.696486;
7.51378e-11;1.8;0.714615;
7.76378e-11;1.8;0.731538;
8.01378e-11;1.8;0.748941;
8.26378e-11;1.8;0.765161;
8.51378e-11;1.8;0.781868;
8.76378e-11;1.8;0.797413;
9.01378e-11;1.8;0.813453;
9.26378e-11;1.8;0.828351;
9.51378e-11;1.8;0.84375;
9.76378e-11;1.8;0.858027;
1.00138e-10;1.8;0.872812;
1.02638e-10;1.8;0.886494;
1.05138e-10;1.8;0.900689;
1.07638e-10;1.8;0.9138;
1.10138e-10;1.8;0.927429;
1.12638e-10;1.8;0.939993;
1.15138e-10;1.8;0.953079;
1.17638e-10;1.8;0.965119;
1.20138e-10;1.8;0.977684;
1.22638e-10;1.8;0.98922;
1.25138e-10;1.8;1.00129;
1.27638e-10;1.8;1.01234;
1.30138e-10;1.8;1.02392;
1.32638e-10;1.8;1.03451;
1.35138e-10;1.8;1.04564;
1.37638e-10;1.8;1.05579;
1.40138e-10;1.8;1.06647;
1.42638e-10;1.8;1.07619;
1.45138e-10;1.8;1.08645;
1.47638e-10;1.8;1.09577;
1.50138e-10;1.8;1.10562;
1.52638e-10;1.8;1.11454;
1.55138e-10;1.8;1.12401;
1.57638e-10;1.8;1.13255;
1.60138e-10;1.8;1.14164;
1.62638e-10;1.8;1.14983;
1.65138e-10;1.8;1.15856;
1.67638e-10;1.8;1.1664;
1.70138e-10;1.8;1.17479;
1.72638e-10;1.8;1.18229;
1.75138e-10;1.8;1.19035;
1.77638e-10;1.8;1.19754;
1.80138e-10;1.8;1.20528;
1.82638e-10;1.8;1.21217;
1.85138e-10;1.8;1.2196;
1.87638e-10;1.8;1.2262;
1.90138e-10;1.8;1.23334;
1.92638e-10;1.8;1.23966;
1.95138e-10;1.8;1.24652;
1.97638e-10;1.8;1.25257;
2.00138e-10;1.8;1.25916;
2.02638e-10;1.8;1.26495;
2.05138e-10;1.8;1.27129;
2.07638e-10;1.8;1.27683;
2.10138e-10;1.8;1.28292;
2.12638e-10;1.8;1.28822;
2.15138e-10;1.8;1.29408;
2.17638e-10;1.8;1.29915;
2.20138e-10;1.8;1.30478;
2.22638e-10;1.8;1.30964;
2.25138e-10;1.8;1.31504;
2.27638e-10;1.8;1.3197;
2.30138e-10;1.8;1.32489;
2.32638e-10;1.8;1.32934;
2.35138e-10;1.8;1.33434;
2.37638e-10;1.8;1.3386;
2.40138e-10;1.8;1.3434;
2.42638e-10;1.8;1.34747;
2.45138e-10;1.8;1.35209;
2.47638e-10;1.8;1.35599;
2.50138e-10;1.8;1.36043;
2.52638e-10;1.8;1.36416;
2.55138e-10;1.8;1.36842;
2.57638e-10;1.8;1.37199;
2.60138e-10;1.8;1.37609;
!2.62638e-10;1.8;1.37951;
2.65138e-10;1.8;1.38345;
2.67638e-10;1.8;1.38672;
2.70138e-10;1.8;1.39051;
2.72638e-10;1.8;1.39363;
2.75138e-10;1.8;1.39728;
2.77638e-10;1.8;1.40027;
2.80138e-10;1.8;1.40378;
2.82638e-10;1.8;1.40663;
2.85138e-10;1.8;1.41;
2.87638e-10;1.8;1.41273;
2.90138e-10;1.8;1.41598;
2.92638e-10;1.8;1.41859;
2.95138e-10;1.8;1.42171;
2.97638e-10;1.8;1.4242;
3.00138e-10;1.8;1.42721;
3.02638e-10;1.8;1.42959;
3.05138e-10;1.8;1.43248;
3.07638e-10;1.8;1.43476;
3.10138e-10;1.8;1.43754;
3.12638e-10;1.8;1.43972;
3.15138e-10;1.8;1.4424;
3.17638e-10;1.8;1.44447;
3.20138e-10;1.8;1.44705;
3.22638e-10;1.8;1.44903;
3.25138e-10;1.8;1.45152;
3.27638e-10;1.8;1.45341;
3.30138e-10;1.8;1.4558;
3.32638e-10;1.8;1.45761;
3.35138e-10;1.8;1.45991;
3.37638e-10;1.8;1.46163;
3.40138e-10;1.8;1.46385;
3.42638e-10;1.8;1.46549;
3.45138e-10;1.8;1.46763;
3.47638e-10;1.8;1.4692;
3.50138e-10;1.8;1.47125;
3.52638e-10;1.8;1.47275;
3.55138e-10;1.8;1.47473;
3.57638e-10;1.8;1.47616;
3.60138e-10;1.8;1.47807;
3.62638e-10;1.8;1.47943;
3.65138e-10;1.8;1.48127;
3.67638e-10;1.8;1.48257;
3.70138e-10;1.8;1.48434;
3.72638e-10;1.8;1.48558;
3.75138e-10;1.8;1.48728;
3.77638e-10;1.8;1.48846;
3.80138e-10;1.8;1.49011;
3.82638e-10;1.8;1.49123;
3.85138e-10;1.8;1.49282;
3.87638e-10;1.8;1.49389;
3.90138e-10;1.8;1.49542;
3.92638e-10;1.8;1.49643;
3.95138e-10;1.8;1.49791;
3.97638e-10;1.8;1.49888;
4.00138e-10;1.8;1.5003;
4.02638e-10;1.8;1.50122;
4.05138e-10;1.8;1.50259;
4.07638e-10;1.8;1.50347;
4.10138e-10;1.8;1.50479;
4.12638e-10;1.8;1.50563;
4.15138e-10;1.8;1.5069;
4.17638e-10;1.8;1.50769;
4.20138e-10;1.8;1.50893;
4.22638e-10;1.8;1.50968;
4.25138e-10;1.8;1.51087;
4.27638e-10;1.8;1.51158;
4.30138e-10;1.8;1.51273;
4.32638e-10;1.8;1.51341;
4.35138e-10;1.8;1.51452;
4.37638e-10;1.8;1.51516;
4.40138e-10;1.8;1.51623;
4.42638e-10;1.8;1.51684;
4.45138e-10;1.8;1.51788;
4.47638e-10;1.8;1.51845;
4.50138e-10;1.8;1.51945;
4.52638e-10;1.8;1.52;
4.55138e-10;1.8;1.52097;
4.57638e-10;1.8;1.52148;
4.60138e-10;1.8;1.52242;
4.62638e-10;1.8;1.52291;
4.65138e-10;1.8;1.52381;
4.67638e-10;1.8;1.52427;
4.70138e-10;1.8;1.52514;
4.72638e-10;1.8;1.52558;
4.75138e-10;1.8;1.52642;
4.77638e-10;1.8;1.52684;
4.80138e-10;1.8;1.52765;
4.82638e-10;1.8;1.52804;
4.85138e-10;1.8;1.52883;
4.87638e-10;1.8;1.5292;
4.90138e-10;1.8;1.52996;
4.92638e-10;1.8;1.5303;
4.95138e-10;1.8;1.53104;
4.97638e-10;1.8;1.53137;
5.00138e-10;1.8;1.53208;
5.02638e-10;1.70081;1.53129;
5.05138e-10;0;1.51191;
5.06867e-10;0;1.49696;
5.08432e-10;0;1.47096;
5.10388e-10;0;1.45378;
5.12888e-10;0;1.41731;
5.15388e-10;0;1.39462;
5.17888e-10;0;1.35943;
5.20388e-10;0;1.33787;
5.22888e-10;0;1.3039;
5.25388e-10;0;1.28344;
5.27888e-10;0;1.25064;
5.30388e-10;0;1.23122;
5.32888e-10;0;1.19956;
5.35388e-10;0;1.18113;
5.37888e-10;0;1.15055;
5.40388e-10;0;1.13308;
5.42888e-10;0;1.10355;
5.45388e-10;0;1.08699;
5.47888e-10;0;1.05846;
5.50388e-10;0;1.04278;
5.52888e-10;0;1.01521;
5.55388e-10;0;1.00036;
5.57888e-10;0;0.973723;
5.60388e-10;0;0.959681;
5.62888e-10;0;0.933929;
5.65388e-10;0;0.920655;
5.67888e-10;0;0.895759;
5.70388e-10;0;0.88322;
5.72888e-10;0;0.859146;
5.75388e-10;0;0.847309;
5.77888e-10;0;0.824026;
5.80388e-10;0;0.812862;
5.82888e-10;0;0.790339;
5.85388e-10;0;0.779819;
5.87888e-10;0;0.758026;
5.90388e-10;0;0.748121;
5.92888e-10;0;0.727031;
5.95388e-10;0;0.717715;
5.97888e-10;0;0.6973;
6.00388e-10;0;0.688548;
6.02888e-10;0;0.668782;
6.05388e-10;0;0.660569;
6.07888e-10;0;0.641428;
6.10388e-10;0;0.63373;
6.12888e-10;0;0.615189;
6.15388e-10;0;0.607984;
6.17888e-10;0;0.590021;
6.20388e-10;0;0.583287;
6.22888e-10;0;0.565879;
6.25388e-10;0;0.559596;
6.27888e-10;0;0.542723;
6.30388e-10;0;0.53687;
6.32888e-10;0;0.520511;
6.35388e-10;0;0.51507;
6.37888e-10;0;0.499206;
6.40388e-10;0;0.494158;
6.42888e-10;0;0.47877;
6.45388e-10;0;0.474097;
6.47888e-10;0;0.459168;
6.50388e-10;0;0.454854;
6.52888e-10;0;0.440365;
6.55388e-10;0;0.436394;
6.57888e-10;0;0.42233;
6.60388e-10;0;0.418687;
6.62888e-10;0;0.405031;
6.65388e-10;0;0.4017;
6.67888e-10;0;0.388438;
6.70388e-10;0;0.385405;
6.72888e-10;0;0.372521;
6.75388e-10;0;0.369774;
6.77888e-10;0;0.357255;
6.80388e-10;0;0.354779;
6.82888e-10;0;0.342611;
6.85388e-10;0;0.340395;
6.87888e-10;0;0.328565;
6.90388e-10;0;0.326597;
6.92888e-10;0;0.315093;
6.95388e-10;0;0.31336;
6.97888e-10;0;0.30217;
7.00388e-10;0;0.300662;
7.02888e-10;0;0.289775;
7.05388e-10;0;0.288482;
7.07888e-10;0;0.277886;
7.10388e-10;0;0.276797;
7.12888e-10;0;0.266482;
7.15388e-10;0;0.265588;
7.17888e-10;0;0.255544;
7.20388e-10;0;0.254835;
7.22888e-10;0;0.245052;
7.25388e-10;0;0.24452;
7.27888e-10;0;0.234988;
7.30388e-10;0;0.234625;
7.32888e-10;0;0.225336;
7.35388e-10;0;0.225133;
7.37888e-10;0;0.216078;
7.40388e-10;0;0.216027;
7.42888e-10;0;0.207197;
7.45388e-10;0;0.207291;
7.47888e-10;0;0.19868;
7.50388e-10;0;0.198911;
7.52888e-10;0;0.19051;
7.55388e-10;0;0.190872;
7.57888e-10;0;0.182673;
7.60388e-10;0;0.183161;
7.62888e-10;0;0.175157;
7.65388e-10;0;0.175762;
7.67888e-10;0;0.167948;
7.70388e-10;0;0.168665;
7.72888e-10;0;0.161034;
7.75388e-10;0;0.161857;
7.77888e-10;0;0.154401;
7.80388e-10;0;0.155326;
7.82888e-10;0;0.14804;
7.85388e-10;0;0.14906;
7.87888e-10;0;0.141939;
7.90388e-10;0;0.143049;
7.92888e-10;0;0.136087;
7.95388e-10;0;0.137283;
7.97888e-10;0;0.130474;
8.00388e-10;0;0.131751;
8.02888e-10;0;0.125091;
8.05388e-10;0;0.126444;
8.07888e-10;0;0.119927;
8.10388e-10;0;0.121353;
8.12888e-10;0;0.114975;
8.15388e-10;0;0.116469;
8.17888e-10;0;0.110225;
8.20388e-10;0;0.111784;
8.22888e-10;0;0.105669;
8.25388e-10;0;0.107289;
8.27888e-10;0;0.101299;
8.30388e-10;0;0.102976;
8.32888e-10;0;0.0971086;
8.35388e-10;0;0.0988393;
8.37888e-10;0;0.0930891;
8.40388e-10;0;0.0948704;
8.42888e-10;0;0.089234;
8.45388e-10;0;0.0910627;
8.47888e-10;0;0.0855366;
8.50388e-10;0;0.0874098;
8.52888e-10;0;0.0819905;
8.55388e-10;0;0.0839052;
8.57888e-10;0;0.0785894;
8.60388e-10;0;0.080543;
8.62888e-10;0;0.0753274;
8.65388e-10;0;0.0773174;
8.67888e-10;0;0.072199;
8.70388e-10;0;0.0742228;
8.72888e-10;0;0.0691985;
8.75388e-10;0;0.0712538;
8.77888e-10;0;0.0663209;
8.80388e-10;0;0.0684054;
8.82888e-10;0;0.0635611;
8.85388e-10;0;0.0656726;
8.87888e-10;0;0.0609143;
8.90388e-10;0;0.0630508;
8.92888e-10;0;0.0583759;
8.95388e-10;0;0.0605353;
8.97888e-10;0;0.0559414;
9.00388e-10;0;0.0581219;
9.02888e-10;0;0.0536066;
9.05388e-10;0;0.0558065;
9.07888e-10;0;0.0513675;
9.10388e-10;0;0.0535849;
9.12888e-10;0;0.0492202;
9.15388e-10;0;0.0514535;
9.17888e-10;0;0.0471608;
9.20388e-10;0;0.0494085;
9.22888e-10;0;0.0451859;
9.25388e-10;0;0.0474464;
9.27888e-10;0;0.0432919;
9.30388e-10;0;0.0455639;
9.32888e-10;0;0.0414755;
9.35388e-10;0;0.0437576;
9.37888e-10;0;0.0397337;
9.40388e-10;0;0.0420246;
9.42888e-10;0;0.0380633;
9.45388e-10;0;0.0403617;
9.47888e-10;0;0.0364615;
9.50388e-10;0;0.0387662;
9.52888e-10;0;0.0349254;
9.55388e-10;0;0.0372353;
9.57888e-10;0;0.0334523;
9.60388e-10;0;0.0357664;
9.62888e-10;0;0.0320397;
9.65388e-10;0;0.034357;
9.67888e-10;0;0.0306851;
9.70388e-10;0;0.0330046;
9.72888e-10;0;0.0293862;
9.75388e-10;0;0.0317069;
9.77888e-10;0;0.0281406;
9.80388e-10;0;0.0304617;
9.82888e-10;0;0.0269462;
9.85388e-10;0;0.0292669;
9.87888e-10;0;0.0258009;
9.90388e-10;0;0.0281203;
9.92888e-10;0;0.0247027;
9.95388e-10;0;0.0270201;
9.97888e-10;0;0.0236497;
1e-09;0;0.0260427;
