max 1.63
time;V(Net-_C_IMD1-Pad2_)1;V(Net-_C_insulator2-Pad1_)1;
0;0;0;
1e-12;0.018;0.000122555;
1.0841e-12;0.0195139;0.000129421;
1.25231e-12;0.0225416;0.000143956;
1.58872e-12;0.028597;0.000179297;
2.26155e-12;0.0407079;0.000275135;
3.6072e-12;0.0649296;0.000566935;
6.29851e-12;0.113373;0.00154808;
1.16811e-11;0.21026;0.00507634;
2.24463e-11;0.404034;0.018209;
4.39768e-11;0.791582;0.0673556;
8.70376e-11;1.56668;0.246934;
1.347e-10;1.8;0.498365;
1.7997e-10;1.8;0.711204;
2.34584e-10;1.8;0.915828;
3.00972e-10;1.8;1.10499;
4.00972e-10;1.8;1.30172;
5.00972e-10;1.8;1.42539;
!6.00972e-10;1.8;1.50303;
7.00972e-10;1.8;1.55188;
8.00972e-10;1.8;1.58249;
9.00972e-10;1.8;1.6018;
1.00097e-09;1.8;1.61386;
1.10097e-09;1.8;1.62151;
1.20097e-09;1.8;1.62625;
1.30097e-09;1.8;1.62929;
1.40097e-09;1.8;1.63114;
1.50097e-09;1.8;1.63237;
1.60097e-09;1.8;1.63307;
1.70097e-09;1.8;1.63358;
1.80097e-09;1.8;1.63383;
1.90097e-09;1.8;1.63406;
2.00097e-09;1.8;1.63413;
2.10097e-09;1.8;1.63425;
2.20097e-09;1.8;1.63425;
2.30097e-09;1.8;1.63432;
2.40097e-09;1.8;1.63429;
2.50097e-09;1.8;1.63435;
2.60097e-09;1.8;1.63431;
2.70097e-09;1.8;1.63436;
2.80097e-09;1.8;1.63432;
2.90097e-09;1.8;1.63437;
3.00097e-09;1.8;1.63432;
3.10097e-09;1.8;1.63437;
3.20097e-09;1.8;1.63432;
3.30097e-09;1.8;1.63437;
3.40097e-09;1.8;1.63432;
3.50097e-09;1.8;1.63437;
3.60097e-09;1.8;1.63432;
3.70097e-09;1.8;1.63437;
3.80097e-09;1.8;1.63432;
3.90097e-09;1.8;1.63437;
4.00097e-09;1.8;1.63432;
4.10097e-09;1.8;1.63437;
4.20097e-09;1.8;1.63432;
4.30097e-09;1.8;1.63437;
4.40097e-09;1.8;1.63432;
4.50097e-09;1.8;1.63437;
4.60097e-09;1.8;1.63432;
4.70097e-09;1.8;1.63437;
4.80097e-09;1.8;1.63432;
4.90097e-09;1.8;1.63437;
5.00097e-09;1.8;1.63432;
5.10097e-09;1.8;1.63437;
5.20097e-09;1.8;1.63432;
5.30097e-09;1.8;1.63437;
5.40097e-09;1.8;1.63432;
5.50097e-09;1.8;1.63437;
5.60097e-09;1.8;1.63432;
5.70097e-09;1.8;1.63437;
5.80097e-09;1.8;1.63432;
5.90097e-09;1.8;1.63437;
6.00097e-09;1.8;1.63432;
6.10097e-09;1.8;1.63437;
6.20097e-09;1.8;1.63432;
6.30097e-09;1.8;1.63437;
6.40097e-09;1.8;1.63432;
6.50097e-09;1.8;1.63437;
6.60097e-09;1.8;1.63432;
6.70097e-09;1.8;1.63437;
6.80097e-09;1.8;1.63432;
6.90097e-09;1.8;1.63437;
7.00097e-09;1.8;1.63432;
7.10097e-09;1.8;1.63437;
7.20097e-09;1.8;1.63432;
7.30097e-09;1.8;1.63437;
7.40097e-09;1.8;1.63432;
7.50097e-09;1.8;1.63437;
7.60097e-09;1.8;1.63432;
7.70097e-09;1.8;1.63437;
7.80097e-09;1.8;1.63432;
7.90097e-09;1.8;1.63437;
8.00097e-09;1.8;1.63432;
8.10097e-09;1.8;1.63437;
8.20097e-09;1.8;1.63432;
8.30097e-09;1.8;1.63437;
8.40097e-09;1.8;1.63432;
8.50097e-09;1.8;1.63437;
8.60097e-09;1.8;1.63432;
8.70097e-09;1.8;1.63437;
8.80097e-09;1.8;1.63432;
8.90097e-09;1.8;1.63437;
9.00097e-09;1.8;1.63432;
9.10097e-09;1.8;1.63437;
9.20097e-09;1.8;1.63432;
9.30097e-09;1.8;1.63437;
9.40097e-09;1.8;1.63432;
9.50097e-09;1.8;1.63437;
9.60097e-09;1.8;1.63432;
9.70097e-09;1.8;1.63437;
9.80097e-09;1.8;1.63432;
9.90097e-09;1.8;1.63437;
1.0001e-08;1.8;1.63432;
1.0101e-08;1.8;1.63437;
1.0201e-08;1.8;1.63432;
1.0301e-08;1.8;1.63437;
1.0401e-08;1.8;1.63432;
1.0501e-08;1.8;1.63437;
1.0601e-08;1.8;1.63432;
1.0701e-08;1.8;1.63437;
1.0801e-08;1.8;1.63432;
1.0901e-08;1.8;1.63437;
1.1001e-08;1.8;1.63432;
1.1101e-08;1.8;1.63437;
1.1201e-08;1.8;1.63432;
1.1301e-08;1.8;1.63437;
1.1401e-08;1.8;1.63432;
1.1501e-08;1.8;1.63437;
1.1601e-08;1.8;1.63432;
1.1701e-08;1.8;1.63437;
1.1801e-08;1.8;1.63432;
1.1901e-08;1.8;1.63437;
1.2001e-08;1.8;1.63432;
1.2101e-08;1.8;1.63437;
1.2201e-08;1.8;1.63432;
1.2301e-08;1.8;1.63437;
1.2401e-08;1.8;1.63432;
1.2501e-08;1.8;1.63437;
1.2601e-08;1.8;1.63432;
1.2701e-08;1.8;1.63437;
1.2801e-08;1.8;1.63432;
1.2901e-08;1.8;1.63437;
1.3001e-08;1.8;1.63432;
1.3101e-08;1.8;1.63437;
1.3201e-08;1.8;1.63432;
1.3301e-08;1.8;1.63437;
1.3401e-08;1.8;1.63432;
1.3501e-08;1.8;1.63437;
1.3601e-08;1.8;1.63432;
1.3701e-08;1.8;1.63437;
1.3801e-08;1.8;1.63432;
1.3901e-08;1.8;1.63437;
1.4001e-08;1.8;1.63432;
1.4101e-08;1.8;1.63437;
1.4201e-08;1.8;1.63432;
1.4301e-08;1.8;1.63437;
1.4401e-08;1.8;1.63432;
1.4501e-08;1.8;1.63437;
1.4601e-08;1.8;1.63432;
1.4701e-08;1.8;1.63437;
1.4801e-08;1.8;1.63432;
1.4901e-08;1.8;1.63437;
1.5001e-08;1.8;1.63432;
1.5101e-08;1.8;1.63437;
1.5201e-08;1.8;1.63432;
1.5301e-08;1.8;1.63437;
1.5401e-08;1.8;1.63432;
1.5501e-08;1.8;1.63437;
1.5601e-08;1.8;1.63432;
1.5701e-08;1.8;1.63437;
1.5801e-08;1.8;1.63432;
1.5901e-08;1.8;1.63437;
1.6001e-08;1.8;1.63432;
1.6101e-08;1.8;1.63437;
1.6201e-08;1.8;1.63432;
1.6301e-08;1.8;1.63437;
1.6401e-08;1.8;1.63432;
1.6501e-08;1.8;1.63437;
1.6601e-08;1.8;1.63432;
1.6701e-08;1.8;1.63437;
1.6801e-08;1.8;1.63432;
1.6901e-08;1.8;1.63437;
1.7001e-08;1.8;1.63432;
1.7101e-08;1.8;1.63437;
1.7201e-08;1.8;1.63432;
1.7301e-08;1.8;1.63437;
1.7401e-08;1.8;1.63432;
1.7501e-08;1.8;1.63437;
1.7601e-08;1.8;1.63432;
1.7701e-08;1.8;1.63437;
1.7801e-08;1.8;1.63432;
1.7901e-08;1.8;1.63437;
1.8001e-08;1.8;1.63432;
1.8101e-08;1.8;1.63437;
1.8201e-08;1.8;1.63432;
1.8301e-08;1.8;1.63437;
1.8401e-08;1.8;1.63432;
1.8501e-08;1.8;1.63437;
1.8601e-08;1.8;1.63432;
1.8701e-08;1.8;1.63437;
1.8801e-08;1.8;1.63432;
1.8901e-08;1.8;1.63437;
1.9001e-08;1.8;1.63432;
1.9101e-08;1.8;1.63437;
1.9201e-08;1.8;1.63432;
1.9301e-08;1.8;1.63437;
1.9401e-08;1.8;1.63432;
1.9501e-08;1.8;1.63437;
1.9601e-08;1.8;1.63432;
1.9701e-08;1.8;1.63437;
1.9801e-08;1.8;1.63432;
1.9901e-08;1.8;1.63437;
2.0001e-08;1.8;1.63432;
2.0101e-08;1.7825;1.63141;
2.0201e-08;0;1.3257;
2.02842e-08;0;0.902725;
2.0363e-08;0;0.627092;
2.0457e-08;0;0.405693;
2.0557e-08;0;0.254703;
2.0657e-08;0;0.16022;
2.0757e-08;0;0.100474;
2.0857e-08;0;0.0633182;
2.0957e-08;0;0.0395913;
2.1057e-08;0;0.0250661;
2.1157e-08;0;0.0155578;
2.1257e-08;0;0.00996593;
2.1357e-08;0;0.00607048;
2.1457e-08;0;0.00400508;
2.1557e-08;0;0.00232535;
2.1657e-08;0;0.001652;
2.1757e-08;0;0.000846968;
2.1857e-08;0;0.000723095;
2.1957e-08;0;0.000263386;
2.2057e-08;0;0.000356393;
2.2157e-08;0;3.30312e-05;
2.2257e-08;0;0.000211621;
2.2357e-08;0;-5.78868e-05;
2.2457e-08;0;0.000154456;
2.2557e-08;0;-9.37616e-05;
2.2657e-08;0;0.000131875;
2.2757e-08;0;-0.000107908;
2.2857e-08;0;0.000122946;
2.2957e-08;0;-0.000113477;
2.3057e-08;0;0.000119405;
2.3157e-08;0;-0.00011566;
2.3257e-08;0;0.000117992;
2.3357e-08;0;-0.000116506;
2.3457e-08;0;0.000117419;
2.3557e-08;0;-0.000116825;
2.3657e-08;0;0.000117178;
2.3757e-08;0;-0.000116935;
2.3857e-08;0;0.000117067;
2.3957e-08;0;-0.000116964;
2.4057e-08;0;0.000117008;
2.4157e-08;0;-0.000116959;
2.4257e-08;0;0.000116969;
2.4357e-08;0;-0.000116942;
2.4457e-08;0;0.000116939;
2.4557e-08;0;-0.00011692;
2.4657e-08;0;0.000116911;
2.4757e-08;0;-0.000116896;
2.4857e-08;0;0.000116885;
2.4957e-08;0;-0.000116871;
2.5057e-08;0;0.000116859;
2.5157e-08;0;-0.000116846;
2.5257e-08;0;0.000116834;
2.5357e-08;0;-0.000116821;
2.5457e-08;0;0.000116808;
2.5557e-08;0;-0.000116796;
2.5657e-08;0;0.000116783;
2.5757e-08;0;-0.00011677;
2.5857e-08;0;0.000116758;
2.5957e-08;0;-0.000116745;
2.6057e-08;0;0.000116732;
2.6157e-08;0;-0.00011672;
2.6257e-08;0;0.000116707;
2.6357e-08;0;-0.000116694;
2.6457e-08;0;0.000116682;
2.6557e-08;0;-0.000116669;
2.6657e-08;0;0.000116656;
2.6757e-08;0;-0.000116644;
2.6857e-08;0;0.000116631;
2.6957e-08;0;-0.000116618;
2.7057e-08;0;0.000116606;
2.7157e-08;0;-0.000116593;
2.7257e-08;0;0.000116581;
2.7357e-08;0;-0.000116568;
2.7457e-08;0;0.000116555;
2.7557e-08;0;-0.000116543;
2.7657e-08;0;0.00011653;
2.7757e-08;0;-0.000116517;
2.7857e-08;0;0.000116505;
2.7957e-08;0;-0.000116492;
2.8057e-08;0;0.000116479;
2.8157e-08;0;-0.000116467;
2.8257e-08;0;0.000116454;
2.8357e-08;0;-0.000116442;
2.8457e-08;0;0.000116429;
2.8557e-08;0;-0.000116416;
2.8657e-08;0;0.000116404;
2.8757e-08;0;-0.000116391;
2.8857e-08;0;0.000116378;
2.8957e-08;0;-0.000116366;
2.9057e-08;0;0.000116353;
2.9157e-08;0;-0.000116341;
2.9257e-08;0;0.000116328;
2.9357e-08;0;-0.000116315;
2.9457e-08;0;0.000116303;
2.9557e-08;0;-0.00011629;
2.9657e-08;0;0.000116277;
2.9757e-08;0;-0.000116265;
2.9857e-08;0;0.000116252;
2.9957e-08;0;-0.00011624;
3.0057e-08;0;0.000116227;
3.0157e-08;0;-0.000116214;
3.0257e-08;0;0.000116202;
3.0357e-08;0;-0.000116189;
3.0457e-08;0;0.000116177;
3.0557e-08;0;-0.000116164;
3.0657e-08;0;0.000116151;
3.0757e-08;0;-0.000116139;
3.0857e-08;0;0.000116126;
3.0957e-08;0;-0.000116114;
3.1057e-08;0;0.000116101;
3.1157e-08;0;-0.000116088;
3.1257e-08;0;0.000116076;
3.1357e-08;0;-0.000116063;
3.1457e-08;0;0.000116051;
3.1557e-08;0;-0.000116038;
3.1657e-08;0;0.000116025;
3.1757e-08;0;-0.000116013;
3.1857e-08;0;0.000116;
3.1957e-08;0;-0.000115988;
3.2057e-08;0;0.000115975;
3.2157e-08;0;-0.000115963;
3.2257e-08;0;0.00011595;
3.2357e-08;0;-0.000115937;
3.2457e-08;0;0.000115925;
3.2557e-08;0;-0.000115912;
3.2657e-08;0;0.0001159;
3.2757e-08;0;-0.000115887;
3.2857e-08;0;0.000115875;
3.2957e-08;0;-0.000115862;
3.3057e-08;0;0.000115849;
3.3157e-08;0;-0.000115837;
3.3257e-08;0;0.000115824;
3.3357e-08;0;-0.000115812;
3.3457e-08;0;0.000115799;
3.3557e-08;0;-0.000115787;
3.3657e-08;0;0.000115774;
3.3757e-08;0;-0.000115761;
3.3857e-08;0;0.000115749;
3.3957e-08;0;-0.000115736;
3.4057e-08;0;0.000115724;
3.4157e-08;0;-0.000115711;
3.4257e-08;0;0.000115699;
3.4357e-08;0;-0.000115686;
3.4457e-08;0;0.000115674;
3.4557e-08;0;-0.000115661;
3.4657e-08;0;0.000115649;
3.4757e-08;0;-0.000115636;
3.4857e-08;0;0.000115623;
3.4957e-08;0;-0.000115611;
3.5057e-08;0;0.000115598;
3.5157e-08;0;-0.000115586;
3.5257e-08;0;0.000115573;
3.5357e-08;0;-0.000115561;
3.5457e-08;0;0.000115548;
3.5557e-08;0;-0.000115536;
3.5657e-08;0;0.000115523;
3.5757e-08;0;-0.000115511;
3.5857e-08;0;0.000115498;
3.5957e-08;0;-0.000115486;
3.6057e-08;0;0.000115473;
3.6157e-08;0;-0.000115461;
3.6257e-08;0;0.000115448;
3.6357e-08;0;-0.000115435;
3.6457e-08;0;0.000115423;
3.6557e-08;0;-0.00011541;
3.6657e-08;0;0.000115398;
3.6757e-08;0;-0.000115385;
3.6857e-08;0;0.000115373;
3.6957e-08;0;-0.00011536;
3.7057e-08;0;0.000115348;
3.7157e-08;0;-0.000115335;
3.7257e-08;0;0.000115323;
3.7357e-08;0;-0.00011531;
3.7457e-08;0;0.000115298;
3.7557e-08;0;-0.000115285;
3.7657e-08;0;0.000115273;
3.7757e-08;0;-0.00011526;
3.7857e-08;0;0.000115248;
3.7957e-08;0;-0.000115235;
3.8057e-08;0;0.000115223;
3.8157e-08;0;-0.00011521;
3.8257e-08;0;0.000115198;
3.8357e-08;0;-0.000115185;
3.8457e-08;0;0.000115173;
3.8557e-08;0;-0.00011516;
3.8657e-08;0;0.000115148;
3.8757e-08;0;-0.000115135;
3.8857e-08;0;0.000115123;
3.8957e-08;0;-0.00011511;
3.9057e-08;0;0.000115098;
3.9157e-08;0;-0.000115085;
3.9257e-08;0;0.000115073;
3.9357e-08;0;-0.00011506;
3.9457e-08;0;0.000115048;
3.9557e-08;0;-0.000115036;
3.9657e-08;0;0.000115023;
3.9757e-08;0;-0.000115011;
3.9857e-08;0;0.000114998;
3.9957e-08;0;-0.000114986;
4e-08;0;0.000114957;
