max 1.34
time;V(Net-_C_IMD1-Pad2_)1;V(Net-_C_insulator2-Pad1_)1;
0;0;0;
1.25e-14;0.018;0.00320985;
2.5e-14;0.036;0.00378453;
5e-14;0.072;0.00399714;
1e-13;0.144;0.00389063;
1.77924e-13;0.256211;0.00412305;
3.33772e-13;0.480632;0.00443615;
6.45469e-13;0.929475;0.00616497;
1.26886e-12;1.8;0.0121475;
1.88394e-12;1.8;0.0132037;
2.47863e-12;1.8;0.0281745;
3.12664e-12;1.8;0.0298265;
4.37664e-12;1.8;0.053081;
5.62664e-12;1.8;0.0625279;
6.87664e-12;1.8;0.0853002;
8.12664e-12;1.8;0.0945033;
9.37664e-12;1.8;0.116803;
1.06266e-11;1.8;0.125769;
1.18766e-11;1.8;0.147607;
1.31266e-11;1.8;0.15634;
1.43766e-11;1.8;0.177726;
1.56266e-11;1.8;0.186233;
1.68766e-11;1.8;0.207175;
1.81266e-11;1.8;0.215462;
1.93766e-11;1.8;0.235971;
2.06266e-11;1.8;0.244042;
2.18766e-11;1.8;0.264126;
2.31266e-11;1.8;0.271988;
2.43766e-11;1.8;0.291656;
2.56266e-11;1.8;0.299313;
2.68766e-11;1.8;0.318574;
2.81266e-11;1.8;0.326032;
2.93766e-11;1.8;0.344895;
3.06266e-11;1.8;0.352157;
3.18766e-11;1.8;0.37063;
3.31266e-11;1.8;0.377703;
3.43766e-11;1.8;0.395793;
3.56266e-11;1.8;0.402681;
3.68766e-11;1.8;0.420398;
3.81266e-11;1.8;0.427105;
3.93766e-11;1.8;0.444456;
4.06266e-11;1.8;0.450987;
4.18766e-11;1.8;0.467979;
4.31266e-11;1.8;0.474338;
4.43766e-11;1.8;0.490979;
4.56266e-11;1.8;0.497171;
4.68766e-11;1.8;0.513468;
4.81266e-11;1.8;0.519497;
4.93766e-11;1.8;0.535458;
5.06266e-11;1.8;0.541328;
5.18766e-11;1.8;0.556959;
5.31266e-11;1.8;0.562674;
5.43766e-11;1.8;0.577983;
5.56266e-11;1.8;0.583546;
5.68766e-11;1.8;0.598539;
5.81266e-11;1.8;0.603954;
5.93766e-11;1.8;0.618638;
6.06266e-11;1.8;0.62391;
6.18766e-11;1.8;0.638291;
6.31266e-11;1.8;0.643422;
6.43766e-11;1.8;0.657507;
6.56266e-11;1.8;0.662502;
6.68766e-11;1.8;0.676296;
6.81266e-11;1.8;0.681158;
6.93766e-11;1.8;0.694668;
7.06266e-11;1.8;0.699399;
7.18766e-11;1.8;0.712631;
7.31266e-11;1.8;0.717236;
7.43766e-11;1.8;0.730196;
7.56266e-11;1.8;0.734677;
7.68766e-11;1.8;0.74737;
7.81266e-11;1.8;0.75173;
7.93766e-11;1.8;0.764162;
8.06266e-11;1.8;0.768405;
8.18766e-11;1.8;0.780581;
8.31266e-11;1.8;0.78471;
8.43766e-11;1.8;0.796636;
8.56266e-11;1.8;0.800653;
8.68766e-11;1.8;0.812333;
8.81266e-11;1.8;0.816242;
8.93766e-11;1.8;0.827682;
9.06266e-11;1.8;0.831485;
9.18766e-11;1.8;0.84269;
9.31266e-11;1.8;0.84639;
9.43766e-11;1.8;0.857364;
9.56266e-11;1.8;0.860963;
9.68766e-11;1.8;0.871713;
9.81266e-11;1.8;0.875213;
9.93766e-11;1.8;0.885742;
1.00627e-10;1.8;0.889147;
1.01877e-10;1.8;0.89946;
1.03127e-10;1.8;0.902772;
1.04377e-10;1.8;0.912872;
1.05627e-10;1.8;0.916094;
1.06877e-10;1.8;0.925987;
1.08127e-10;1.8;0.92912;
1.09377e-10;1.8;0.938811;
1.10627e-10;1.8;0.941857;
1.11877e-10;1.8;0.951349;
1.13127e-10;1.8;0.954311;
1.14377e-10;1.8;0.963609;
1.15627e-10;1.8;0.966489;
1.16877e-10;1.8;0.975596;
1.18127e-10;1.8;0.978397;
1.19377e-10;1.8;0.987317;
1.20627e-10;1.8;0.99004;
1.21877e-10;1.8;0.998778;
1.23127e-10;1.8;1.00142;
1.24377e-10;1.8;1.00998;
1.25627e-10;1.8;1.01256;
1.26877e-10;1.8;1.02094;
1.28127e-10;1.8;1.02344;
1.29377e-10;1.8;1.03165;
1.30627e-10;1.8;1.03409;
1.31877e-10;1.8;1.04213;
1.33127e-10;1.8;1.04449;
1.34377e-10;1.8;1.05237;
1.35627e-10;1.8;1.05467;
1.36877e-10;1.8;1.06239;
1.38127e-10;1.8;1.06462;
1.39377e-10;1.8;1.07218;
1.40627e-10;1.8;1.07435;
1.41877e-10;1.8;1.08175;
1.43127e-10;1.8;1.08386;
1.44377e-10;1.8;1.09112;
1.45627e-10;1.8;1.09316;
1.46877e-10;1.8;1.10027;
1.48127e-10;1.8;1.10226;
1.49377e-10;1.8;1.10922;
1.50627e-10;1.8;1.11115;
1.51877e-10;1.8;1.11797;
1.53127e-10;1.8;1.11985;
1.54377e-10;1.8;1.12653;
1.55627e-10;1.8;1.12835;
1.56877e-10;1.8;1.1349;
1.58127e-10;1.8;1.13667;
1.59377e-10;1.8;1.14308;
1.60627e-10;1.8;1.1448;
1.61877e-10;1.8;1.15108;
1.63127e-10;1.8;1.15275;
1.64377e-10;1.8;1.1589;
1.65627e-10;1.8;1.16052;
1.66877e-10;1.8;1.16655;
1.68127e-10;1.8;1.16812;
1.69377e-10;1.8;1.17402;
1.70627e-10;1.8;1.17555;
1.71877e-10;1.8;1.18134;
1.73127e-10;1.8;1.18282;
1.74377e-10;1.8;1.18848;
1.75627e-10;1.8;1.18992;
1.76877e-10;1.8;1.19547;
1.78127e-10;1.8;1.19687;
1.79377e-10;1.8;1.20231;
1.80627e-10;1.8;1.20367;
!1.81877e-10;1.8;1.20899;
1.83127e-10;1.8;1.21031;
1.84377e-10;1.8;1.21553;
1.85627e-10;1.8;1.2168;
1.86877e-10;1.8;1.22192;
1.88127e-10;1.8;1.22315;
1.89377e-10;1.8;1.22816;
1.90627e-10;1.8;1.22936;
1.91877e-10;1.8;1.23427;
1.93127e-10;1.8;1.23544;
1.94377e-10;1.8;1.24024;
1.95627e-10;1.8;1.24137;
1.96877e-10;1.8;1.24608;
1.98127e-10;1.8;1.24718;
1.99377e-10;1.8;1.25179;
2.00627e-10;1.8;1.25286;
2.01877e-10;1.8;1.25738;
2.03127e-10;1.8;1.25841;
2.04377e-10;1.8;1.26284;
2.05627e-10;1.8;1.26384;
2.06877e-10;1.8;1.26817;
2.08127e-10;1.8;1.26914;
2.09377e-10;1.8;1.27339;
2.10627e-10;1.8;1.27433;
2.11877e-10;1.8;1.2785;
2.13127e-10;1.8;1.27941;
2.14377e-10;1.8;1.28349;
2.15627e-10;1.8;1.28437;
2.16877e-10;1.8;1.28837;
2.18127e-10;1.8;1.28922;
2.19377e-10;1.8;1.29314;
2.20627e-10;1.8;1.29396;
2.21877e-10;1.8;1.2978;
2.23127e-10;1.8;1.2986;
2.24377e-10;1.8;1.30236;
2.25627e-10;1.8;1.30314;
2.26877e-10;1.8;1.30682;
2.28127e-10;1.8;1.30757;
2.29377e-10;1.8;1.31118;
2.30627e-10;1.8;1.31191;
2.31877e-10;1.8;1.31545;
2.33127e-10;1.8;1.31615;
2.34377e-10;1.8;1.31961;
2.35627e-10;1.8;1.3203;
2.36877e-10;1.8;1.32369;
2.38127e-10;1.8;1.32435;
2.39377e-10;1.8;1.32768;
2.40627e-10;1.8;1.32831;
2.41877e-10;1.8;1.33157;
2.43127e-10;1.8;1.33219;
2.44377e-10;1.8;1.33538;
2.45627e-10;1.8;1.33598;
2.46877e-10;1.8;1.33911;
2.48127e-10;1.8;1.33969;
2.49377e-10;1.8;1.34275;
2.50627e-10;1.8;1.34331;
2.51877e-10;0.897636;1.33824;
2.53026e-10;0;1.33068;
2.53996e-10;0;1.32104;
2.54989e-10;0;1.30742;
2.55961e-10;0;1.29791;
2.57211e-10;0;1.28158;
2.58461e-10;0;1.26909;
2.59711e-10;0;1.25311;
2.60961e-10;0;1.24091;
2.62211e-10;0;1.22528;
2.63461e-10;0;1.21335;
2.64711e-10;0;1.19806;
2.65961e-10;0;1.18641;
2.67211e-10;0;1.17145;
2.68461e-10;0;1.16006;
2.69711e-10;0;1.14543;
2.70961e-10;0;1.1343;
2.72211e-10;0;1.11998;
2.73461e-10;0;1.10912;
2.74711e-10;0;1.0951;
2.75961e-10;0;1.08449;
2.77211e-10;0;1.07078;
2.78461e-10;0;1.0604;
2.79711e-10;0;1.04699;
2.80961e-10;0;1.03686;
2.82211e-10;0;1.02373;
2.83461e-10;0;1.01383;
2.84711e-10;0;1.00099;
2.85961e-10;0;0.991319;
2.87211e-10;0;0.978757;
2.88461e-10;0;0.969306;
2.89711e-10;0;0.957015;
2.90961e-10;0;0.947781;
2.92211e-10;0;0.935756;
2.93461e-10;0;0.926735;
2.94711e-10;0;0.91497;
2.95961e-10;0;0.906156;
2.97211e-10;0;0.894645;
2.98461e-10;0;0.886034;
2.99711e-10;0;0.874771;
3.00961e-10;0;0.866358;
3.02211e-10;0;0.855339;
3.03461e-10;0;0.84712;
3.04711e-10;0;0.836339;
3.05961e-10;0;0.828309;
3.07211e-10;0;0.817761;
3.08461e-10;0;0.809916;
3.09711e-10;0;0.799595;
3.10961e-10;0;0.791931;
3.12211e-10;0;0.781833;
3.13461e-10;0;0.774345;
3.14711e-10;0;0.764465;
3.15961e-10;0;0.75715;
3.17211e-10;0;0.747484;
3.18461e-10;0;0.740337;
3.19711e-10;0;0.730879;
3.20961e-10;0;0.723897;
3.22211e-10;0;0.714643;
3.23461e-10;0;0.707823;
3.24711e-10;0;0.698768;
3.25961e-10;0;0.692105;
3.27211e-10;0;0.683246;
3.28461e-10;0;0.676736;
3.29711e-10;0;0.668068;
3.30961e-10;0;0.661709;
3.32211e-10;0;0.653228;
3.33461e-10;0;0.647015;
3.34711e-10;0;0.638717;
3.35961e-10;0;0.632648;
3.37211e-10;0;0.624528;
3.38461e-10;0;0.618599;
3.39711e-10;0;0.610655;
3.40961e-10;0;0.604863;
3.42211e-10;0;0.59709;
3.43461e-10;0;0.591432;
3.44711e-10;0;0.583826;
3.45961e-10;0;0.578298;
3.47211e-10;0;0.570857;
3.48461e-10;0;0.565457;
3.49711e-10;0;0.558176;
3.50961e-10;0;0.552901;
3.52211e-10;0;0.545776;
3.53461e-10;0;0.540623;
3.54711e-10;0;0.533652;
3.55961e-10;0;0.528618;
3.57211e-10;0;0.521798;
3.58461e-10;0;0.51688;
3.59711e-10;0;0.510206;
3.60961e-10;0;0.505403;
3.62211e-10;0;0.498872;
3.63461e-10;0;0.49418;
3.64711e-10;0;0.48779;
3.65961e-10;0;0.483207;
3.67211e-10;0;0.476954;
3.68461e-10;0;0.472477;
3.69711e-10;0;0.466359;
3.70961e-10;0;0.461985;
3.72211e-10;0;0.455999;
3.73461e-10;0;0.451727;
3.74711e-10;0;0.445869;
3.75961e-10;0;0.441696;
3.77211e-10;0;0.435965;
3.78461e-10;0;0.431888;
3.79711e-10;0;0.42628;
3.80961e-10;0;0.422298;
3.82211e-10;0;0.41681;
3.83461e-10;0;0.412921;
3.84711e-10;0;0.407551;
3.85961e-10;0;0.403752;
3.87211e-10;0;0.398498;
3.88461e-10;0;0.394786;
3.89711e-10;0;0.389645;
3.90961e-10;0;0.38602;
3.92211e-10;0;0.380989;
3.93461e-10;0;0.377448;
3.94711e-10;0;0.372526;
3.95961e-10;0;0.369067;
3.97211e-10;0;0.36425;
3.98461e-10;0;0.360872;
3.99711e-10;0;0.356159;
4.00961e-10;0;0.352859;
4.02211e-10;0;0.348247;
4.03461e-10;0;0.345023;
4.04711e-10;0;0.340511;
4.05961e-10;0;0.337362;
4.07211e-10;0;0.332946;
4.08461e-10;0;0.329871;
4.09711e-10;0;0.32555;
4.10961e-10;0;0.322546;
4.12211e-10;0;0.318318;
4.13461e-10;0;0.315384;
4.14711e-10;0;0.311246;
4.15961e-10;0;0.308381;
4.17211e-10;0;0.304332;
4.18461e-10;0;0.301533;
4.19711e-10;0;0.297571;
4.20961e-10;0;0.294838;
4.22211e-10;0;0.290961;
4.23461e-10;0;0.288291;
4.24711e-10;0;0.284497;
4.25961e-10;0;0.28189;
4.27211e-10;0;0.278177;
4.28461e-10;0;0.27563;
4.29711e-10;0;0.271998;
4.30961e-10;0;0.26951;
4.32211e-10;0;0.265955;
4.33461e-10;0;0.263526;
4.34711e-10;0;0.260047;
4.35961e-10;0;0.257674;
4.37211e-10;0;0.25427;
4.38461e-10;0;0.251953;
4.39711e-10;0;0.248621;
4.40961e-10;0;0.246358;
4.42211e-10;0;0.243098;
4.43461e-10;0;0.240888;
4.44711e-10;0;0.237698;
4.45961e-10;0;0.235539;
4.47211e-10;0;0.232417;
4.48461e-10;0;0.230309;
4.49711e-10;0;0.227254;
4.50961e-10;0;0.225195;
4.52211e-10;0;0.222206;
4.53461e-10;0;0.220195;
4.54711e-10;0;0.217269;
4.55961e-10;0;0.215305;
4.57211e-10;0;0.212443;
4.58461e-10;0;0.210525;
4.59711e-10;0;0.207723;
4.60961e-10;0;0.20585;
4.62211e-10;0;0.203108;
4.63461e-10;0;0.201279;
4.64711e-10;0;0.198596;
4.65961e-10;0;0.19681;
4.67211e-10;0;0.194184;
4.68461e-10;0;0.19244;
4.69711e-10;0;0.189871;
4.70961e-10;0;0.188167;
4.72211e-10;0;0.185653;
4.73461e-10;0;0.183989;
4.74711e-10;0;0.181528;
4.75961e-10;0;0.179903;
4.77211e-10;0;0.177495;
4.78461e-10;0;0.175909;
4.79711e-10;0;0.173552;
4.80961e-10;0;0.172003;
4.82211e-10;0;0.169697;
4.83461e-10;0;0.168184;
4.84711e-10;0;0.165927;
4.85961e-10;0;0.164449;
4.87211e-10;0;0.162241;
4.88461e-10;0;0.160798;
4.89711e-10;0;0.158636;
4.90961e-10;0;0.157227;
4.92211e-10;0;0.155112;
4.93461e-10;0;0.153736;
4.94711e-10;0;0.151666;
4.95961e-10;0;0.150323;
4.97211e-10;0;0.148297;
4.98461e-10;0;0.146985;
4.99711e-10;0;0.145002;
5e-10;0;0.144961;
