max 1.59
time;V(Net-_C_IMD1-Pad2_)1;V(Net-_C_insulator2-Pad1_)1;
0;0;0;
5e-14;0.018;0.000931489;
6.56083e-14;0.023619;0.000976579;
9.68248e-14;0.0348569;0.000995042;
1.59258e-13;0.0573328;0.00100416;
2.84124e-13;0.102285;0.00107871;
5.33856e-13;0.192188;0.00131739;
1.03332e-12;0.371995;0.00227442;
2.03225e-12;0.73161;0.00598191;
4.03011e-12;1.45084;0.0206149;
6.41844e-12;1.8;0.0452672;
9.04367e-12;1.8;0.0765733;
1.22726e-11;1.8;0.113412;
1.58079e-11;1.8;0.153467;
2.08079e-11;1.8;0.207424;
2.58079e-11;1.8;0.260059;
3.08079e-11;1.8;0.309991;
3.58079e-11;1.8;0.35875;
4.08079e-11;1.8;0.404956;
4.58079e-11;1.8;0.450125;
5.08079e-11;1.8;0.492881;
5.58079e-11;1.8;0.534728;
6.08079e-11;1.8;0.574289;
6.58079e-11;1.8;0.613059;
7.08079e-11;1.8;0.649663;
7.58079e-11;1.8;0.685584;
8.08079e-11;1.8;0.71945;
8.58079e-11;1.8;0.752733;
9.08079e-11;1.8;0.784064;
9.58079e-11;1.8;0.814905;
1.00808e-10;1.8;0.843889;
1.05808e-10;1.8;0.872469;
1.10808e-10;1.8;0.89928;
1.15808e-10;1.8;0.925765;
1.20808e-10;1.8;0.950565;
1.25808e-10;1.8;0.975111;
1.30808e-10;1.8;0.998048;
1.35808e-10;1.8;1.0208;
1.40808e-10;1.8;1.04201;
1.45808e-10;1.8;1.0631;
1.50808e-10;1.8;1.08272;
1.55808e-10;1.8;1.10227;
1.60808e-10;1.8;1.12041;
1.65808e-10;1.8;1.13853;
1.70808e-10;1.8;1.1553;
1.75808e-10;1.8;1.17211;
1.80808e-10;1.8;1.18761;
1.85808e-10;1.8;1.20319;
1.90808e-10;1.8;1.21752;
1.95808e-10;1.8;1.23197;
2.00808e-10;1.8;1.24522;
2.05808e-10;1.8;1.25862;
2.10808e-10;1.8;1.27086;
2.15808e-10;1.8;1.28329;
2.20808e-10;1.8;1.2946;
2.25808e-10;1.8;1.30614;
2.30808e-10;1.8;1.31659;
2.35808e-10;1.8;1.32729;
2.40808e-10;1.8;1.33694;
2.45808e-10;1.8;1.34687;
2.50808e-10;1.8;1.35578;
2.55808e-10;1.8;1.365;
2.60808e-10;1.8;1.37323;
2.65808e-10;1.8;1.38179;
2.70808e-10;1.8;1.38939;
2.75808e-10;1.8;1.39734;
2.80808e-10;1.8;1.40434;
2.85808e-10;1.8;1.41173;
2.90808e-10;1.8;1.41819;
2.95808e-10;1.8;1.42505;
!3.00808e-10;1.8;1.43101;
3.05808e-10;1.8;1.43739;
3.10808e-10;1.8;1.44289;
3.15808e-10;1.8;1.44881;
3.20808e-10;1.8;1.45388;
3.25808e-10;1.8;1.45938;
3.30808e-10;1.8;1.46406;
3.35808e-10;1.8;1.46918;
3.40808e-10;1.8;1.47348;
3.45808e-10;1.8;1.47824;
3.50808e-10;1.8;1.4822;
3.55808e-10;1.8;1.48663;
3.60808e-10;1.8;1.49028;
3.65808e-10;1.8;1.49441;
3.70808e-10;1.8;1.49776;
3.75808e-10;1.8;1.5016;
3.80808e-10;1.8;1.50468;
3.85808e-10;1.8;1.50826;
3.90808e-10;1.8;1.5111;
3.95808e-10;1.8;1.51443;
4.00808e-10;1.8;1.51703;
4.05808e-10;1.8;1.52014;
4.10808e-10;1.8;1.52253;
4.15808e-10;1.8;1.52543;
4.20808e-10;1.8;1.52762;
4.25808e-10;1.8;1.53032;
4.30808e-10;1.8;1.53233;
4.35808e-10;1.8;1.53486;
4.40808e-10;1.8;1.53669;
4.45808e-10;1.8;1.53905;
4.50808e-10;1.8;1.54073;
4.55808e-10;1.8;1.54294;
4.60808e-10;1.8;1.54447;
4.65808e-10;1.8;1.54654;
4.70808e-10;1.8;1.54793;
4.75808e-10;1.8;1.54987;
4.80808e-10;1.8;1.55114;
4.85808e-10;1.8;1.55295;
4.90808e-10;1.8;1.55411;
4.95808e-10;1.8;1.55581;
5.00808e-10;1.8;1.55686;
5.05808e-10;1.8;1.55845;
5.10808e-10;1.8;1.5594;
5.15808e-10;1.8;1.5609;
5.20808e-10;1.8;1.56176;
5.25808e-10;1.8;1.56316;
5.30808e-10;1.8;1.56394;
5.35808e-10;1.8;1.56526;
5.40808e-10;1.8;1.56596;
5.45808e-10;1.8;1.5672;
5.50808e-10;1.8;1.56783;
5.55808e-10;1.8;1.569;
5.60808e-10;1.8;1.56956;
5.65808e-10;1.8;1.57067;
5.70808e-10;1.8;1.57117;
5.75808e-10;1.8;1.57221;
5.80808e-10;1.8;1.57265;
5.85808e-10;1.8;1.57364;
5.90808e-10;1.8;1.57402;
5.95808e-10;1.8;1.57496;
6.00808e-10;1.8;1.5753;
6.05808e-10;1.8;1.57618;
6.10808e-10;1.8;1.57648;
6.15808e-10;1.8;1.57731;
6.20808e-10;1.8;1.57757;
6.25808e-10;1.8;1.57836;
6.30808e-10;1.8;1.57858;
6.35808e-10;1.8;1.57933;
6.40808e-10;1.8;1.57951;
6.45808e-10;1.8;1.58023;
6.50808e-10;1.8;1.58038;
6.55808e-10;1.8;1.58106;
6.60808e-10;1.8;1.58118;
6.65808e-10;1.8;1.58183;
6.70808e-10;1.8;1.58192;
6.75808e-10;1.8;1.58255;
6.80808e-10;1.8;1.58261;
6.85808e-10;1.8;1.58321;
6.90808e-10;1.8;1.58325;
6.95808e-10;1.8;1.58382;
7.00808e-10;1.8;1.58384;
7.05808e-10;1.8;1.58439;
7.10808e-10;1.8;1.58438;
7.15808e-10;1.8;1.58491;
7.20808e-10;1.8;1.58489;
7.25808e-10;1.8;1.5854;
7.30808e-10;1.8;1.58536;
7.35808e-10;1.8;1.58584;
7.40808e-10;1.8;1.58579;
7.45808e-10;1.8;1.58626;
7.50808e-10;1.8;1.58619;
7.55808e-10;1.8;1.58665;
7.60808e-10;1.8;1.58656;
7.65808e-10;1.8;1.587;
7.70808e-10;1.8;1.58691;
7.75808e-10;1.8;1.58733;
7.80808e-10;1.8;1.58723;
7.85808e-10;1.8;1.58764;
7.90808e-10;1.8;1.58752;
7.95808e-10;1.8;1.58792;
8.00808e-10;1.8;1.58779;
8.05808e-10;1.8;1.58818;
8.10808e-10;1.8;1.58805;
8.15808e-10;1.8;1.58842;
8.20808e-10;1.8;1.58828;
8.25808e-10;1.8;1.58865;
8.30808e-10;1.8;1.5885;
8.35808e-10;1.8;1.58886;
8.40808e-10;1.8;1.5887;
8.45808e-10;1.8;1.58905;
8.50808e-10;1.8;1.58889;
8.55808e-10;1.8;1.58923;
8.60808e-10;1.8;1.58906;
8.65808e-10;1.8;1.58939;
8.70808e-10;1.8;1.58922;
8.75808e-10;1.8;1.58954;
8.80808e-10;1.8;1.58936;
8.85808e-10;1.8;1.58968;
8.90808e-10;1.8;1.5895;
8.95808e-10;1.8;1.58982;
9.00808e-10;1.8;1.58963;
9.05808e-10;1.8;1.58994;
9.10808e-10;1.8;1.58975;
9.15808e-10;1.8;1.59005;
9.20808e-10;1.8;1.58985;
9.25808e-10;1.8;1.59015;
9.30808e-10;1.8;1.58996;
9.35808e-10;1.8;1.59025;
9.40808e-10;1.8;1.59005;
9.45808e-10;1.8;1.59034;
9.50808e-10;1.8;1.59014;
9.55808e-10;1.8;1.59042;
9.60808e-10;1.8;1.59022;
9.65808e-10;1.8;1.59049;
9.70808e-10;1.8;1.59029;
9.75808e-10;1.8;1.59056;
9.80808e-10;1.8;1.59036;
9.85808e-10;1.8;1.59063;
9.90808e-10;1.8;1.59042;
9.95808e-10;1.8;1.59069;
1.00081e-09;1.8;1.59048;
1.00474e-09;1.8;1.59074;
1.00974e-09;0.092193;1.56022;
1.01314e-09;0;1.52475;
1.01627e-09;0;1.48484;
1.02071e-09;0;1.43848;
1.02571e-09;0;1.3806;
1.03071e-09;0;1.33198;
1.03571e-09;0;1.27814;
1.04071e-09;0;1.23337;
1.04571e-09;0;1.18327;
1.05071e-09;0;1.14208;
1.05571e-09;0;1.09544;
1.06071e-09;0;1.05755;
1.06571e-09;0;1.01412;
1.07071e-09;0;0.97928;
1.07571e-09;0;0.938826;
1.08071e-09;0;0.906816;
1.08571e-09;0;0.869114;
1.09071e-09;0;0.839722;
1.09571e-09;0;0.80457;
1.10071e-09;0;0.777602;
1.10571e-09;0;0.744811;
1.11071e-09;0;0.720085;
1.11571e-09;0;0.689481;
1.12071e-09;0;0.666831;
1.12571e-09;0;0.638254;
1.13071e-09;0;0.617524;
1.13571e-09;0;0.590824;
1.14071e-09;0;0.571871;
1.14571e-09;0;0.54691;
1.15071e-09;0;0.529602;
1.15571e-09;0;0.506252;
1.16071e-09;0;0.490465;
1.16571e-09;0;0.468608;
1.17071e-09;0;0.454228;
1.17571e-09;0;0.433755;
1.18071e-09;0;0.420678;
1.18571e-09;0;0.401486;
1.19071e-09;0;0.389613;
1.19571e-09;0;0.371609;
1.20071e-09;0;0.360851;
1.20571e-09;0;0.343948;
1.21071e-09;0;0.33422;
1.21571e-09;0;0.318337;
1.22071e-09;0;0.309562;
1.22571e-09;0;0.294625;
1.23071e-09;0;0.286732;
1.23571e-09;0;0.272671;
1.24071e-09;0;0.265593;
1.24571e-09;0;0.252345;
1.25071e-09;0;0.246021;
1.25571e-09;0;0.233526;
1.26071e-09;0;0.227899;
1.26571e-09;0;0.216103;
1.27071e-09;0;0.21112;
1.27571e-09;0;0.199971;
1.28071e-09;0;0.195584;
1.28571e-09;0;0.185036;
1.29071e-09;0;0.181199;
1.29571e-09;0;0.171208;
1.30071e-09;0;0.16788;
1.30571e-09;0;0.158406;
1.31071e-09;0;0.155548;
1.31571e-09;0;0.146553;
1.32071e-09;0;0.144129;
1.32571e-09;0;0.135579;
1.33071e-09;0;0.133557;
1.33571e-09;0;0.125419;
1.34071e-09;0;0.123767;
1.34571e-09;0;0.116013;
1.35071e-09;0;0.114703;
1.35571e-09;0;0.107304;
1.36071e-09;0;0.10631;
1.36571e-09;0;0.0992414;
1.37071e-09;0;0.0985384;
1.37571e-09;0;0.0917768;
1.38071e-09;0;0.0913426;
1.38571e-09;0;0.084866;
1.39071e-09;0;0.0846798;
1.39571e-09;0;0.0784679;
1.40071e-09;0;0.0785103;
1.40571e-09;0;0.0725446;
1.41071e-09;0;0.0727977;
1.41571e-09;0;0.0670607;
1.42071e-09;0;0.067508;
1.42571e-09;0;0.0619838;
1.43071e-09;0;0.06261;
1.43571e-09;0;0.0572837;
1.44071e-09;0;0.0580746;
1.44571e-09;0;0.0529324;
1.45071e-09;0;0.0538749;
1.45571e-09;0;0.0489041;
1.46071e-09;0;0.0499861;
1.46571e-09;0;0.0451749;
1.47071e-09;0;0.046385;
1.47571e-09;0;0.0417225;
1.48071e-09;0;0.0430504;
1.48571e-09;0;0.0385265;
1.49071e-09;0;0.0399626;
1.49571e-09;0;0.0355678;
1.50071e-09;0;0.0371031;
1.50571e-09;0;0.0328289;
1.51071e-09;0;0.0344552;
1.51571e-09;0;0.0302935;
1.52071e-09;0;0.0320031;
1.52571e-09;0;0.0279464;
1.53071e-09;0;0.0297324;
1.53571e-09;0;0.0257737;
1.54071e-09;0;0.0276295;
1.54571e-09;0;0.0237625;
1.55071e-09;0;0.025682;
1.55571e-09;0;0.0219009;
1.56071e-09;0;0.0238785;
1.56571e-09;0;0.0201776;
1.57071e-09;0;0.0222082;
1.57571e-09;0;0.0185826;
1.58071e-09;0;0.0206613;
1.58571e-09;0;0.0171061;
1.59071e-09;0;0.0192286;
1.59571e-09;0;0.0157396;
1.60071e-09;0;0.0179017;
1.60571e-09;0;0.0144748;
1.61071e-09;0;0.0166727;
1.61571e-09;0;0.0133041;
1.62071e-09;0;0.0155344;
1.62571e-09;0;0.0122207;
1.63071e-09;0;0.01448;
1.63571e-09;0;0.0112179;
1.64071e-09;0;0.0135034;
1.64571e-09;0;0.0102899;
1.65071e-09;0;0.0125987;
1.65571e-09;0;0.00943117;
1.66071e-09;0;0.0117607;
1.66571e-09;0;0.00863646;
1.67071e-09;0;0.0109844;
1.67571e-09;0;0.00790108;
1.68071e-09;0;0.0102652;
1.68571e-09;0;0.00722061;
1.69071e-09;0;0.00959892;
1.69571e-09;0;0.006591;
1.70071e-09;0;0.00898161;
1.70571e-09;0;0.00600846;
1.71071e-09;0;0.00840965;
1.71571e-09;0;0.00546951;
1.72071e-09;0;0.00787968;
1.72571e-09;0;0.00497091;
1.73071e-09;0;0.00738859;
1.73571e-09;0;0.00450968;
1.74071e-09;0;0.0069335;
1.74571e-09;0;0.00408303;
1.75071e-09;0;0.00651173;
1.75571e-09;0;0.00368841;
1.76071e-09;0;0.00612084;
1.76571e-09;0;0.00332344;
1.77071e-09;0;0.00575852;
1.77571e-09;0;0.00298591;
1.78071e-09;0;0.00542266;
1.78571e-09;0;0.0026738;
1.79071e-09;0;0.0051113;
1.79571e-09;0;0.00238522;
1.80071e-09;0;0.00482263;
1.80571e-09;0;0.00211842;
1.81071e-09;0;0.00455496;
1.81571e-09;0;0.00187179;
1.82071e-09;0;0.00430675;
1.82571e-09;0;0.00164382;
1.83071e-09;0;0.00407655;
1.83571e-09;0;0.00143314;
1.84071e-09;0;0.00386303;
1.84571e-09;0;0.00123846;
1.85071e-09;0;0.00366495;
1.85571e-09;0;0.00105859;
1.86071e-09;0;0.00348117;
1.86571e-09;0;0.000892438;
1.87071e-09;0;0.00331063;
1.87571e-09;0;0.00073898;
1.88071e-09;0;0.00315235;
1.88571e-09;0;0.000597274;
1.89071e-09;0;0.00300543;
1.89571e-09;0;0.000466449;
1.90071e-09;0;0.00286902;
1.90571e-09;0;0.000345696;
1.91071e-09;0;0.00274235;
1.91571e-09;0;0.000234266;
1.92071e-09;0;0.0026247;
1.92571e-09;0;0.000131467;
1.93071e-09;0;0.0025154;
1.93571e-09;0;3.66585e-05;
1.94071e-09;0;0.00241383;
1.94571e-09;0;-5.07546e-05;
1.95071e-09;0;0.00231942;
1.95571e-09;0;-0.000131322;
1.96071e-09;0;0.00223164;
1.96571e-09;0;-0.000205552;
1.97071e-09;0;0.00215001;
1.97571e-09;0;-0.000273916;
1.98071e-09;0;0.00207406;
1.98571e-09;0;-0.000336851;
1.99071e-09;0;0.00200338;
1.99571e-09;0;-0.000394761;
2e-09;0;0.00194132;
