max 1.63
time;V(Net-_C_IMD1-Pad2_)1;V(Net-_C_insulator2-Pad1_)1;
0;0;0;
5e-13;0.018;0.000140272;
5.41924e-13;0.0195093;0.000144694;
6.25772e-13;0.0225278;0.000153221;
7.93468e-13;0.0285649;0.000173781;
1.12886e-12;0.040639;0.000229761;
1.79965e-12;0.0647873;0.000400238;
3.14122e-12;0.113084;0.000974971;
5.82436e-12;0.209677;0.00305045;
1.11906e-11;0.402863;0.0108405;
2.19232e-11;0.789235;0.0404672;
4.33883e-11;1.56198;0.152084;
6.56328e-11;1.8;0.306423;
8.94166e-11;1.8;0.465445;
1.19569e-10;1.8;0.639901;
1.53661e-10;1.8;0.806162;
2.03661e-10;1.8;1.00134;
2.53661e-10;1.8;1.15049;
3.03661e-10;1.8;1.26423;
3.53661e-10;1.8;1.35121;
4.03661e-10;1.8;1.41748;
!4.53661e-10;1.8;1.46821;
5.03661e-10;1.8;1.50681;
5.53661e-10;1.8;1.53642;
6.03661e-10;1.8;1.55888;
6.53661e-10;1.8;1.57618;
7.03661e-10;1.8;1.58924;
7.53661e-10;1.8;1.59935;
8.03661e-10;1.8;1.60694;
8.53661e-10;1.8;1.61286;
9.03661e-10;1.8;1.61725;
9.53661e-10;1.8;1.62074;
1.00366e-09;1.8;1.62326;
1.05366e-09;1.8;1.62533;
1.10366e-09;1.8;1.62677;
1.15366e-09;1.8;1.62801;
1.20366e-09;1.8;1.62881;
1.25366e-09;1.8;1.62957;
1.30366e-09;1.8;1.63;
1.35366e-09;1.8;1.63048;
1.40366e-09;1.8;1.6307;
1.45366e-09;1.8;1.63101;
1.50366e-09;1.8;1.6311;
1.55366e-09;1.8;1.63131;
1.60366e-09;1.8;1.63134;
1.65366e-09;1.8;1.63149;
1.70366e-09;1.8;1.63148;
1.75366e-09;1.8;1.6316;
1.80366e-09;1.8;1.63156;
1.85366e-09;1.8;1.63166;
1.90366e-09;1.8;1.6316;
1.95366e-09;1.8;1.6317;
2.00366e-09;1.8;1.63163;
2.05366e-09;1.8;1.63172;
2.10366e-09;1.8;1.63165;
2.15366e-09;1.8;1.63173;
2.20366e-09;1.8;1.63166;
2.25366e-09;1.8;1.63174;
2.30366e-09;1.8;1.63166;
2.35366e-09;1.8;1.63174;
2.40366e-09;1.8;1.63166;
2.45366e-09;1.8;1.63174;
2.50366e-09;1.8;1.63167;
2.55366e-09;1.8;1.63174;
2.60366e-09;1.8;1.63167;
2.65366e-09;1.8;1.63175;
2.70366e-09;1.8;1.63167;
2.75366e-09;1.8;1.63175;
2.80366e-09;1.8;1.63167;
2.85366e-09;1.8;1.63175;
2.90366e-09;1.8;1.63167;
2.95366e-09;1.8;1.63175;
3.00366e-09;1.8;1.63167;
3.05366e-09;1.8;1.63175;
3.10366e-09;1.8;1.63167;
3.15366e-09;1.8;1.63175;
3.20366e-09;1.8;1.63167;
3.25366e-09;1.8;1.63175;
3.30366e-09;1.8;1.63167;
3.35366e-09;1.8;1.63175;
3.40366e-09;1.8;1.63167;
3.45366e-09;1.8;1.63175;
3.50366e-09;1.8;1.63167;
3.55366e-09;1.8;1.63175;
3.60366e-09;1.8;1.63167;
3.65366e-09;1.8;1.63175;
3.70366e-09;1.8;1.63167;
3.75366e-09;1.8;1.63175;
3.80366e-09;1.8;1.63167;
3.85366e-09;1.8;1.63175;
3.90366e-09;1.8;1.63167;
3.95366e-09;1.8;1.63175;
4.00366e-09;1.8;1.63167;
4.05366e-09;1.8;1.63175;
4.10366e-09;1.8;1.63167;
4.15366e-09;1.8;1.63175;
4.20366e-09;1.8;1.63167;
4.25366e-09;1.8;1.63175;
4.30366e-09;1.8;1.63167;
4.35366e-09;1.8;1.63175;
4.40366e-09;1.8;1.63167;
4.45366e-09;1.8;1.63175;
4.50366e-09;1.8;1.63167;
4.55366e-09;1.8;1.63175;
4.60366e-09;1.8;1.63167;
4.65366e-09;1.8;1.63175;
4.70366e-09;1.8;1.63167;
4.75366e-09;1.8;1.63175;
4.80366e-09;1.8;1.63167;
4.85366e-09;1.8;1.63175;
4.90366e-09;1.8;1.63167;
4.95366e-09;1.8;1.63175;
5.00366e-09;1.8;1.63167;
5.05366e-09;1.8;1.63175;
5.10366e-09;1.8;1.63167;
5.15366e-09;1.8;1.63175;
5.20366e-09;1.8;1.63167;
5.25366e-09;1.8;1.63175;
5.30366e-09;1.8;1.63167;
5.35366e-09;1.8;1.63175;
5.40366e-09;1.8;1.63167;
5.45366e-09;1.8;1.63175;
5.50366e-09;1.8;1.63167;
5.55366e-09;1.8;1.63175;
5.60366e-09;1.8;1.63167;
5.65366e-09;1.8;1.63175;
5.70366e-09;1.8;1.63167;
5.75366e-09;1.8;1.63175;
5.80366e-09;1.8;1.63167;
5.85366e-09;1.8;1.63175;
5.90366e-09;1.8;1.63167;
5.95366e-09;1.8;1.63175;
6.00366e-09;1.8;1.63167;
6.05366e-09;1.8;1.63175;
6.10366e-09;1.8;1.63167;
6.15366e-09;1.8;1.63175;
6.20366e-09;1.8;1.63167;
6.25366e-09;1.8;1.63175;
6.30366e-09;1.8;1.63167;
6.35366e-09;1.8;1.63175;
6.40366e-09;1.8;1.63167;
6.45366e-09;1.8;1.63175;
6.50366e-09;1.8;1.63167;
6.55366e-09;1.8;1.63175;
6.60366e-09;1.8;1.63167;
6.65366e-09;1.8;1.63175;
6.70366e-09;1.8;1.63167;
6.75366e-09;1.8;1.63175;
6.80366e-09;1.8;1.63167;
6.85366e-09;1.8;1.63175;
6.90366e-09;1.8;1.63167;
6.95366e-09;1.8;1.63175;
7.00366e-09;1.8;1.63167;
7.05366e-09;1.8;1.63175;
7.10366e-09;1.8;1.63167;
7.15366e-09;1.8;1.63175;
7.20366e-09;1.8;1.63167;
7.25366e-09;1.8;1.63175;
7.30366e-09;1.8;1.63167;
7.35366e-09;1.8;1.63175;
7.40366e-09;1.8;1.63167;
7.45366e-09;1.8;1.63175;
7.50366e-09;1.8;1.63167;
7.55366e-09;1.8;1.63175;
7.60366e-09;1.8;1.63167;
7.65366e-09;1.8;1.63175;
7.70366e-09;1.8;1.63167;
7.75366e-09;1.8;1.63175;
7.80366e-09;1.8;1.63167;
7.85366e-09;1.8;1.63175;
7.90366e-09;1.8;1.63167;
7.95366e-09;1.8;1.63175;
8.00366e-09;1.8;1.63167;
8.05366e-09;1.8;1.63175;
8.10366e-09;1.8;1.63167;
8.15366e-09;1.8;1.63175;
8.20366e-09;1.8;1.63167;
8.25366e-09;1.8;1.63175;
8.30366e-09;1.8;1.63167;
8.35366e-09;1.8;1.63175;
8.40366e-09;1.8;1.63167;
8.45366e-09;1.8;1.63175;
8.50366e-09;1.8;1.63167;
8.55366e-09;1.8;1.63175;
8.60366e-09;1.8;1.63167;
8.65366e-09;1.8;1.63175;
8.70366e-09;1.8;1.63167;
8.75366e-09;1.8;1.63175;
8.80366e-09;1.8;1.63167;
8.85366e-09;1.8;1.63175;
8.90366e-09;1.8;1.63167;
8.95366e-09;1.8;1.63175;
9.00366e-09;1.8;1.63167;
9.05366e-09;1.8;1.63175;
9.10366e-09;1.8;1.63167;
9.15366e-09;1.8;1.63175;
9.20366e-09;1.8;1.63167;
9.25366e-09;1.8;1.63175;
9.30366e-09;1.8;1.63167;
9.35366e-09;1.8;1.63175;
9.40366e-09;1.8;1.63167;
9.45366e-09;1.8;1.63175;
9.50366e-09;1.8;1.63167;
9.55366e-09;1.8;1.63175;
9.60366e-09;1.8;1.63167;
9.65366e-09;1.8;1.63175;
9.70366e-09;1.8;1.63167;
9.75366e-09;1.8;1.63175;
9.80366e-09;1.8;1.63167;
9.85366e-09;1.8;1.63175;
9.90366e-09;1.8;1.63167;
9.95366e-09;1.8;1.63175;
1.00037e-08;1.8;1.63167;
1.00537e-08;1.66819;1.6176;
1.01037e-08;0;1.41368;
1.0144e-08;0;1.13806;
1.01819e-08;0;0.927706;
1.02278e-08;0;0.7246;
1.02778e-08;0;0.55287;
1.03278e-08;0;0.422475;
1.03778e-08;0;0.322198;
1.04278e-08;0;0.246357;
1.04778e-08;0;0.187733;
1.05278e-08;0;0.143694;
1.05778e-08;0;0.10935;
1.06278e-08;0;0.0838481;
1.06778e-08;0;0.0636581;
1.07278e-08;0;0.0489624;
1.07778e-08;0;0.0370231;
1.08278e-08;0;0.0286265;
1.08778e-08;0;0.0214969;
1.09278e-08;0;0.0167721;
1.09778e-08;0;0.0124462;
1.10278e-08;0;0.00986182;
1.10778e-08;0;0.00717041;
1.11278e-08;0;0.00583357;
1.11778e-08;0;0.00409501;
1.12278e-08;0;0.00348536;
1.12778e-08;0;0.00230231;
1.13278e-08;0;0.00211648;
1.13778e-08;0;0.00125733;
1.14278e-08;0;0.00131849;
1.14778e-08;0;0.00064822;
1.15278e-08;0;0.000853278;
1.15778e-08;0;0.000293189;
1.16278e-08;0;0.000582058;
1.16778e-08;0;8.62686e-05;
1.17278e-08;0;0.000423919;
1.17778e-08;0;-3.43145e-05;
1.18278e-08;0;0.000331699;
1.18778e-08;0;-0.000104569;
1.19278e-08;0;0.000277905;
1.19778e-08;0;-0.000145486;
1.20278e-08;0;0.00024651;
1.20778e-08;0;-0.000169301;
1.21278e-08;0;0.000228172;
1.21778e-08;0;-0.000183146;
1.22278e-08;0;0.000217446;
1.22778e-08;0;-0.000191181;
1.23278e-08;0;0.000211157;
1.23778e-08;0;-0.000195828;
1.24278e-08;0;0.000207454;
1.24778e-08;0;-0.0001985;
1.25278e-08;0;0.000205259;
1.25778e-08;0;-0.000200021;
1.26278e-08;0;0.000203943;
1.26778e-08;0;-0.000200871;
1.27278e-08;0;0.000203139;
1.27778e-08;0;-0.00020133;
1.28278e-08;0;0.000202634;
1.28778e-08;0;-0.000201561;
1.29278e-08;0;0.000202303;
1.29778e-08;0;-0.000201659;
1.30278e-08;0;0.000202073;
1.30778e-08;0;-0.00020168;
1.31278e-08;0;0.000201903;
1.31778e-08;0;-0.000201655;
1.32278e-08;0;0.000201767;
1.32778e-08;0;-0.000201605;
1.33278e-08;0;0.000201652;
1.33778e-08;0;-0.000201539;
1.34278e-08;0;0.000201548;
1.34778e-08;0;-0.000201464;
1.35278e-08;0;0.000201451;
1.35778e-08;0;-0.000201384;
1.36278e-08;0;0.000201358;
1.36778e-08;0;-0.000201301;
1.37278e-08;0;0.000201267;
1.37778e-08;0;-0.000201216;
1.38278e-08;0;0.000201178;
1.38778e-08;0;-0.00020113;
1.39278e-08;0;0.00020109;
1.39778e-08;0;-0.000201043;
1.40278e-08;0;0.000201002;
1.40778e-08;0;-0.000200957;
1.41278e-08;0;0.000200914;
1.41778e-08;0;-0.00020087;
1.42278e-08;0;0.000200827;
1.42778e-08;0;-0.000200783;
1.43278e-08;0;0.00020074;
1.43778e-08;0;-0.000200696;
1.44278e-08;0;0.000200653;
1.44778e-08;0;-0.000200609;
1.45278e-08;0;0.000200566;
1.45778e-08;0;-0.000200522;
1.46278e-08;0;0.000200479;
1.46778e-08;0;-0.000200435;
1.47278e-08;0;0.000200392;
1.47778e-08;0;-0.000200348;
1.48278e-08;0;0.000200305;
1.48778e-08;0;-0.000200261;
1.49278e-08;0;0.000200218;
1.49778e-08;0;-0.000200174;
1.50278e-08;0;0.000200131;
1.50778e-08;0;-0.000200087;
1.51278e-08;0;0.000200044;
1.51778e-08;0;-0.000200001;
1.52278e-08;0;0.000199957;
1.52778e-08;0;-0.000199914;
1.53278e-08;0;0.000199871;
1.53778e-08;0;-0.000199827;
1.54278e-08;0;0.000199784;
1.54778e-08;0;-0.00019974;
1.55278e-08;0;0.000199697;
1.55778e-08;0;-0.000199654;
1.56278e-08;0;0.000199611;
1.56778e-08;0;-0.000199567;
1.57278e-08;0;0.000199524;
1.57778e-08;0;-0.000199481;
1.58278e-08;0;0.000199437;
1.58778e-08;0;-0.000199394;
1.59278e-08;0;0.000199351;
1.59778e-08;0;-0.000199308;
1.60278e-08;0;0.000199264;
1.60778e-08;0;-0.000199221;
1.61278e-08;0;0.000199178;
1.61778e-08;0;-0.000199135;
1.62278e-08;0;0.000199092;
1.62778e-08;0;-0.000199048;
1.63278e-08;0;0.000199005;
1.63778e-08;0;-0.000198962;
1.64278e-08;0;0.000198919;
1.64778e-08;0;-0.000198876;
1.65278e-08;0;0.000198833;
1.65778e-08;0;-0.000198789;
1.66278e-08;0;0.000198746;
1.66778e-08;0;-0.000198703;
1.67278e-08;0;0.00019866;
1.67778e-08;0;-0.000198617;
1.68278e-08;0;0.000198574;
1.68778e-08;0;-0.000198531;
1.69278e-08;0;0.000198488;
1.69778e-08;0;-0.000198445;
1.70278e-08;0;0.000198402;
1.70778e-08;0;-0.000198359;
1.71278e-08;0;0.000198316;
1.71778e-08;0;-0.000198273;
1.72278e-08;0;0.00019823;
1.72778e-08;0;-0.000198187;
1.73278e-08;0;0.000198144;
1.73778e-08;0;-0.000198101;
1.74278e-08;0;0.000198058;
1.74778e-08;0;-0.000198015;
1.75278e-08;0;0.000197972;
1.75778e-08;0;-0.000197929;
1.76278e-08;0;0.000197886;
1.76778e-08;0;-0.000197843;
1.77278e-08;0;0.0001978;
1.77778e-08;0;-0.000197757;
1.78278e-08;0;0.000197714;
1.78778e-08;0;-0.000197671;
1.79278e-08;0;0.000197629;
1.79778e-08;0;-0.000197586;
1.80278e-08;0;0.000197543;
1.80778e-08;0;-0.0001975;
1.81278e-08;0;0.000197457;
1.81778e-08;0;-0.000197414;
1.82278e-08;0;0.000197371;
1.82778e-08;0;-0.000197329;
1.83278e-08;0;0.000197286;
1.83778e-08;0;-0.000197243;
1.84278e-08;0;0.0001972;
1.84778e-08;0;-0.000197157;
1.85278e-08;0;0.000197115;
1.85778e-08;0;-0.000197072;
1.86278e-08;0;0.000197029;
1.86778e-08;0;-0.000196986;
1.87278e-08;0;0.000196944;
1.87778e-08;0;-0.000196901;
1.88278e-08;0;0.000196858;
1.88778e-08;0;-0.000196816;
1.89278e-08;0;0.000196773;
1.89778e-08;0;-0.00019673;
1.90278e-08;0;0.000196688;
1.90778e-08;0;-0.000196645;
1.91278e-08;0;0.000196602;
1.91778e-08;0;-0.00019656;
1.92278e-08;0;0.000196517;
1.92778e-08;0;-0.000196474;
1.93278e-08;0;0.000196432;
1.93778e-08;0;-0.000196389;
1.94278e-08;0;0.000196347;
1.94778e-08;0;-0.000196304;
1.95278e-08;0;0.000196261;
1.95778e-08;0;-0.000196219;
1.96278e-08;0;0.000196176;
1.96778e-08;0;-0.000196134;
1.97278e-08;0;0.000196091;
1.97778e-08;0;-0.000196049;
1.98278e-08;0;0.000196006;
1.98778e-08;0;-0.000195964;
1.99278e-08;0;0.000195921;
1.99778e-08;0;-0.000195879;
2e-08;0;0.000195783;
