max 1.63
time;V(Net-_C_IMD1-Pad2_)1;V(Net-_C_insulator2-Pad1_)1;
0;0;0;
3.125e-13;0.018;0.000184257;
3.38632e-13;0.0195052;0.000188142;
3.90897e-13;0.0225157;0.000194125;
4.95427e-13;0.0285366;0.000207948;
7.04486e-13;0.0405784;0.000246194;
1.1226e-12;0.064662;0.00036221;
1.95884e-12;0.112829;0.000754497;
3.63131e-12;0.209164;0.00217361;
6.97626e-12;0.401833;0.00752153;
1.36662e-11;0.787171;0.0280113;
2.70459e-11;1.55785;0.106312;
4.10393e-11;1.8;0.217931;
5.61825e-11;1.8;0.338502;
7.59357e-11;1.8;0.480231;
9.81456e-11;1.8;0.621352;
1.29396e-10;1.8;0.791012;
1.60646e-10;1.8;0.932304;
1.91896e-10;1.8;1.04955;
2.23146e-10;1.8;1.14727;
2.54396e-10;1.8;1.22828;
2.85646e-10;1.8;1.29587;
3.16896e-10;1.8;1.35184;
3.48146e-10;1.8;1.39861;
3.79396e-10;1.8;1.43726;
4.10646e-10;1.8;1.46962;
4.41896e-10;1.8;1.49631;
4.73146e-10;1.8;1.51872;
5.04396e-10;1.8;1.53713;
5.35646e-10;1.8;1.55266;
5.66896e-10;1.8;1.56535;
5.98146e-10;1.8;1.57613;
6.29396e-10;1.8;1.58486;
6.60646e-10;1.8;1.59235;
6.91896e-10;1.8;1.59835;
7.23146e-10;1.8;1.60356;
7.54396e-10;1.8;1.60767;
7.85646e-10;1.8;1.61131;
8.16896e-10;1.8;1.61411;
8.48146e-10;1.8;1.61667;
8.79396e-10;1.8;1.61857;
9.10646e-10;1.8;1.62038;
9.41896e-10;1.8;1.62165;
9.73146e-10;1.8;1.62294;
1.0044e-09;1.8;1.62378;
1.03565e-09;1.8;1.62471;
1.0669e-09;1.8;1.62525;
1.09815e-09;1.8;1.62593;
1.1294e-09;1.8;1.62627;
1.16065e-09;1.8;1.62678;
1.1919e-09;1.8;1.62697;
1.22315e-09;1.8;1.62736;
1.2544e-09;1.8;1.62746;
1.28565e-09;1.8;1.62777;
1.3169e-09;1.8;1.6278;
1.34815e-09;1.8;1.62805;
1.3794e-09;1.8;1.62803;
1.41065e-09;1.8;1.62824;
1.4419e-09;1.8;1.62819;
1.47315e-09;1.8;1.62837;
1.5044e-09;1.8;1.6283;
1.53565e-09;1.8;1.62846;
1.5669e-09;1.8;1.62838;
1.59815e-09;1.8;1.62853;
1.6294e-09;1.8;1.62843;
1.66065e-09;1.8;1.62857;
1.6919e-09;1.8;1.62847;
1.72315e-09;1.8;1.6286;
1.7544e-09;1.8;1.62849;
1.78565e-09;1.8;1.62862;
1.8169e-09;1.8;1.62851;
1.84815e-09;1.8;1.62864;
1.8794e-09;1.8;1.62852;
1.91065e-09;1.8;1.62865;
1.9419e-09;1.8;1.62853;
1.97315e-09;1.8;1.62866;
2.0044e-09;1.8;1.62854;
2.03565e-09;1.8;1.62866;
2.0669e-09;1.8;1.62854;
2.09815e-09;1.8;1.62866;
2.1294e-09;1.8;1.62854;
2.16065e-09;1.8;1.62867;
2.1919e-09;1.8;1.62854;
2.22315e-09;1.8;1.62867;
2.2544e-09;1.8;1.62855;
2.28565e-09;1.8;1.62867;
2.3169e-09;1.8;1.62855;
2.34815e-09;1.8;1.62867;
2.3794e-09;1.8;1.62855;
2.41065e-09;1.8;1.62867;
2.4419e-09;1.8;1.62855;
2.47315e-09;1.8;1.62867;
2.5044e-09;1.8;1.62855;
2.53565e-09;1.8;1.62867;
2.5669e-09;1.8;1.62855;
2.59815e-09;1.8;1.62867;
2.6294e-09;1.8;1.62855;
2.66065e-09;1.8;1.62867;
2.6919e-09;1.8;1.62855;
2.72315e-09;1.8;1.62867;
2.7544e-09;1.8;1.62855;
2.78565e-09;1.8;1.62867;
2.8169e-09;1.8;1.62855;
2.84815e-09;1.8;1.62867;
2.8794e-09;1.8;1.62855;
2.91065e-09;1.8;1.62867;
2.9419e-09;1.8;1.62855;
2.97315e-09;1.8;1.62867;
3.0044e-09;1.8;1.62855;
3.03565e-09;1.8;1.62867;
3.0669e-09;1.8;1.62855;
3.09815e-09;1.8;1.62867;
3.1294e-09;1.8;1.62855;
3.16065e-09;1.8;1.62867;
3.1919e-09;1.8;1.62855;
3.22315e-09;1.8;1.62867;
3.2544e-09;1.8;1.62855;
3.28565e-09;1.8;1.62867;
3.3169e-09;1.8;1.62855;
3.34815e-09;1.8;1.62867;
3.3794e-09;1.8;1.62855;
3.41065e-09;1.8;1.62867;
3.4419e-09;1.8;1.62855;
3.47315e-09;1.8;1.62867;
3.5044e-09;1.8;1.62855;
3.53565e-09;1.8;1.62867;
3.5669e-09;1.8;1.62855;
3.59815e-09;1.8;1.62867;
3.6294e-09;1.8;1.62855;
3.66065e-09;1.8;1.62867;
3.6919e-09;1.8;1.62855;
3.72315e-09;1.8;1.62867;
3.7544e-09;1.8;1.62855;
3.78565e-09;1.8;1.62867;
3.8169e-09;1.8;1.62855;
3.84815e-09;1.8;1.62867;
3.8794e-09;1.8;1.62855;
3.91065e-09;1.8;1.62867;
3.9419e-09;1.8;1.62855;
3.97315e-09;1.8;1.62867;
4.0044e-09;1.8;1.62855;
4.03565e-09;1.8;1.62867;
4.0669e-09;1.8;1.62855;
4.09815e-09;1.8;1.62867;
4.1294e-09;1.8;1.62855;
4.16065e-09;1.8;1.62867;
4.1919e-09;1.8;1.62855;
4.22315e-09;1.8;1.62867;
4.2544e-09;1.8;1.62855;
4.28565e-09;1.8;1.62867;
4.3169e-09;1.8;1.62855;
4.34815e-09;1.8;1.62867;
4.3794e-09;1.8;1.62855;
4.41065e-09;1.8;1.62867;
4.4419e-09;1.8;1.62855;
4.47315e-09;1.8;1.62867;
4.5044e-09;1.8;1.62855;
4.53565e-09;1.8;1.62867;
4.5669e-09;1.8;1.62855;
4.59815e-09;1.8;1.62867;
4.6294e-09;1.8;1.62855;
4.66065e-09;1.8;1.62867;
4.6919e-09;1.8;1.62855;
4.72315e-09;1.8;1.62867;
4.7544e-09;1.8;1.62855;
4.78565e-09;1.8;1.62867;
4.8169e-09;1.8;1.62855;
4.84815e-09;1.8;1.62867;
4.8794e-09;1.8;1.62855;
4.91065e-09;1.8;1.62867;
4.9419e-09;1.8;1.62855;
4.97315e-09;1.8;1.62867;
5.0044e-09;1.8;1.62855;
5.03565e-09;1.8;1.62867;
5.0669e-09;1.8;1.62855;
5.09815e-09;1.8;1.62867;
5.1294e-09;1.8;1.62855;
5.16065e-09;1.8;1.62867;
5.1919e-09;1.8;1.62855;
5.22315e-09;1.8;1.62867;
5.2544e-09;1.8;1.62855;
5.28565e-09;1.8;1.62867;
5.3169e-09;1.8;1.62855;
5.34815e-09;1.8;1.62867;
5.3794e-09;1.8;1.62855;
5.41065e-09;1.8;1.62867;
5.4419e-09;1.8;1.62855;
5.47315e-09;1.8;1.62867;
5.5044e-09;1.8;1.62855;
5.53565e-09;1.8;1.62867;
5.5669e-09;1.8;1.62855;
5.59815e-09;1.8;1.62867;
5.6294e-09;1.8;1.62855;
5.66065e-09;1.8;1.62867;
5.6919e-09;1.8;1.62855;
5.72315e-09;1.8;1.62867;
5.7544e-09;1.8;1.62855;
5.78565e-09;1.8;1.62867;
5.8169e-09;1.8;1.62855;
5.84815e-09;1.8;1.62867;
5.8794e-09;1.8;1.62855;
5.91065e-09;1.8;1.62867;
5.9419e-09;1.8;1.62855;
5.97315e-09;1.8;1.62867;
6.0044e-09;1.8;1.62855;
6.03565e-09;1.8;1.62867;
6.0669e-09;1.8;1.62855;
6.09815e-09;1.8;1.62867;
6.1294e-09;1.8;1.62855;
6.16065e-09;1.8;1.62867;
6.1919e-09;1.8;1.62855;
6.22315e-09;1.8;1.62867;
6.2544e-09;1.8;1.62855;
6.28565e-09;1.54681;1.60933;
6.3169e-09;0;1.45577;
6.34163e-09;0;1.25858;
6.36473e-09;0;1.09772;
6.39252e-09;0;0.93216;
6.42377e-09;0;0.774527;
6.45502e-09;0;0.644497;
6.48627e-09;0;0.53535;
6.51752e-09;0;0.445633;
6.54877e-09;0;0.370005;
6.58002e-09;0;0.308156;
6.61127e-09;0;0.255701;
6.64252e-09;0;0.213118;
6.67377e-09;0;0.176681;
6.70502e-09;0;0.147417;
6.73627e-09;0;0.122055;
6.76752e-09;0;0.101997;
6.79877e-09;0;0.0842908;
6.83002e-09;0;0.0705979;
6.86127e-09;0;0.0581844;
6.89252e-09;0;0.0488914;
6.92377e-09;0;0.0401369;
6.95502e-09;0;0.0338855;
6.98627e-09;0;0.0276605;
7.01752e-09;0;0.0235117;
7.04877e-09;0;0.0190356;
7.08002e-09;0;0.0163401;
7.11127e-09;0;0.0130732;
7.14252e-09;0;0.0113823;
7.17377e-09;0;0.00895137;
7.20502e-09;0;0.0079549;
7.23627e-09;0;0.00610199;
7.26752e-09;0;0.00558542;
7.29877e-09;0;0.00413225;
7.33002e-09;0;0.00394733;
7.36127e-09;0;0.00277061;
7.39252e-09;0;0.00281484;
7.42377e-09;0;0.00182936;
7.45502e-09;0;0.00203188;
7.48627e-09;0;0.00117872;
7.51752e-09;0;0.00149055;
7.54877e-09;0;0.000728991;
7.58002e-09;0;0.00111627;
7.61127e-09;0;0.000418148;
7.64252e-09;0;0.000857466;
7.67377e-09;0;0.00020332;
7.70502e-09;0;0.000678493;
7.73627e-09;0;5.48664e-05;
7.76752e-09;0;0.000554708;
7.79877e-09;0;-4.77011e-05;
7.83002e-09;0;0.000469075;
7.86127e-09;0;-0.000118547;
7.89252e-09;0;0.000409817;
7.92377e-09;0;-0.000167465;
7.95502e-09;0;0.000368792;
7.98627e-09;0;-0.000201222;
8.01752e-09;0;0.000340372;
8.04877e-09;0;-0.0002245;
8.08002e-09;0;0.000320665;
8.11127e-09;0;-0.000240532;
8.14252e-09;0;0.000306983;
8.17377e-09;0;-0.000251557;
8.20502e-09;0;0.000297465;
8.23627e-09;0;-0.000259119;
8.26752e-09;0;0.000290826;
8.29877e-09;0;-0.000264287;
8.33002e-09;0;0.000286177;
8.36127e-09;0;-0.000267801;
8.39252e-09;0;0.000282904;
8.42377e-09;0;-0.000270172;
8.45502e-09;0;0.000280583;
8.48627e-09;0;-0.000271751;
8.51752e-09;0;0.000278919;
8.54877e-09;0;-0.000272784;
8.58002e-09;0;0.00027771;
8.61127e-09;0;-0.000273439;
8.64252e-09;0;0.000276815;
8.67377e-09;0;-0.000273833;
8.70502e-09;0;0.000276138;
8.73627e-09;0;-0.000274047;
8.76752e-09;0;0.00027561;
8.79877e-09;0;-0.000274136;
8.83002e-09;0;0.000275187;
8.86127e-09;0;-0.000274138;
8.89252e-09;0;0.000274836;
8.92377e-09;0;-0.000274081;
8.95502e-09;0;0.000274534;
8.98627e-09;0;-0.000273983;
9.01752e-09;0;0.000274267;
9.04877e-09;0;-0.000273857;
9.08002e-09;0;0.000274024;
9.11127e-09;0;-0.000273711;
9.14252e-09;0;0.000273797;
9.17377e-09;0;-0.000273551;
9.20502e-09;0;0.000273582;
9.23627e-09;0;-0.000273383;
9.26752e-09;0;0.000273374;
9.29877e-09;0;-0.000273207;
9.33002e-09;0;0.000273172;
9.36127e-09;0;-0.000273028;
9.39252e-09;0;0.000272975;
9.42377e-09;0;-0.000272845;
9.45502e-09;0;0.000272779;
9.48627e-09;0;-0.000272661;
9.51752e-09;0;0.000272586;
9.54877e-09;0;-0.000272475;
9.58002e-09;0;0.000272394;
9.61127e-09;0;-0.000272288;
9.64252e-09;0;0.000272203;
9.67377e-09;0;-0.000272101;
9.70502e-09;0;0.000272013;
9.73627e-09;0;-0.000271913;
9.76752e-09;0;0.000271823;
9.79877e-09;0;-0.000271725;
9.83002e-09;0;0.000271634;
9.86127e-09;0;-0.000271537;
9.89252e-09;0;0.000271445;
9.92377e-09;0;-0.000271349;
9.95502e-09;0;0.000271256;
9.98627e-09;0;-0.000271161;
1.00175e-08;0;0.000271068;
1.00488e-08;0;-0.000270973;
1.008e-08;0;0.00027088;
1.01113e-08;0;-0.000270785;
1.01425e-08;0;0.000270692;
1.01738e-08;0;-0.000270597;
1.0205e-08;0;0.000270504;
1.02363e-08;0;-0.00027041;
1.02675e-08;0;0.000270316;
1.02988e-08;0;-0.000270222;
1.033e-08;0;0.000270128;
1.03613e-08;0;-0.000270034;
1.03925e-08;0;0.000269941;
1.04238e-08;0;-0.000269847;
1.0455e-08;0;0.000269753;
1.04863e-08;0;-0.00026966;
1.05175e-08;0;0.000269566;
1.05488e-08;0;-0.000269473;
1.058e-08;0;0.000269379;
1.06113e-08;0;-0.000269286;
1.06425e-08;0;0.000269192;
1.06738e-08;0;-0.000269099;
1.0705e-08;0;0.000269005;
1.07363e-08;0;-0.000268912;
1.07675e-08;0;0.000268819;
1.07988e-08;0;-0.000268725;
1.083e-08;0;0.000268632;
1.08613e-08;0;-0.000268539;
1.08925e-08;0;0.000268446;
1.09238e-08;0;-0.000268353;
1.0955e-08;0;0.00026826;
1.09863e-08;0;-0.000268166;
1.10175e-08;0;0.000268073;
1.10488e-08;0;-0.00026798;
1.108e-08;0;0.000267887;
1.11113e-08;0;-0.000267794;
1.11425e-08;0;0.000267701;
1.11738e-08;0;-0.000267609;
1.1205e-08;0;0.000267516;
1.12363e-08;0;-0.000267423;
1.12675e-08;0;0.00026733;
1.12988e-08;0;-0.000267237;
1.133e-08;0;0.000267144;
1.13613e-08;0;-0.000267052;
1.13925e-08;0;0.000266959;
1.14238e-08;0;-0.000266866;
1.1455e-08;0;0.000266774;
1.14863e-08;0;-0.000266681;
1.15175e-08;0;0.000266589;
1.15488e-08;0;-0.000266496;
1.158e-08;0;0.000266404;
1.16113e-08;0;-0.000266311;
1.16425e-08;0;0.000266219;
1.16738e-08;0;-0.000266126;
1.1705e-08;0;0.000266034;
1.17363e-08;0;-0.000265942;
1.17675e-08;0;0.000265849;
1.17988e-08;0;-0.000265757;
1.183e-08;0;0.000265665;
1.18613e-08;0;-0.000265573;
1.18925e-08;0;0.000265481;
1.19238e-08;0;-0.000265388;
1.1955e-08;0;0.000265296;
1.19863e-08;0;-0.000265204;
1.20175e-08;0;0.000265112;
1.20488e-08;0;-0.00026502;
1.208e-08;0;0.000264928;
1.21113e-08;0;-0.000264836;
1.21425e-08;0;0.000264744;
1.21738e-08;0;-0.000264653;
1.2205e-08;0;0.000264561;
1.22363e-08;0;-0.000264469;
1.22675e-08;0;0.000264377;
1.22988e-08;0;-0.000264285;
1.233e-08;0;0.000264194;
1.23613e-08;0;-0.000264102;
1.23925e-08;0;0.00026401;
1.24238e-08;0;-0.000263919;
1.2455e-08;0;0.000263827;
1.24863e-08;0;-0.000263736;
1.25e-08;0;0.000263527;
